114 3 (3, 1, 39, 831)
1610 4 (2, 1, 806, 51)
64 8 (4, 1, 17, 571)
108 10 (4, 1, 28, 755)
512 12 (4, 1, 129, 219)
152 14 (2, 1, 77, 363)
123 17 (3, 1, 42, 63)
81 18 (3, 1, 28, 51)
136 19 (4, 1, 35, 191)
543 20 (3, 1, 182, 923)
1821 23 (3, 1, 608, 823)
159 25 (3, 1, 54, 935)
456 27 (3, 1, 153, 247)
2344 31 (4, 1, 587, 751)
2130 34 (3, 1, 711, 83)
368 37 (4, 1, 93, 479)
618 38 (3, 1, 207, 131)
237 40 (3, 1, 80, 587)
758 42 (2, 1, 380, 739)
2346 45 (3, 1, 783, 983)
819 47 (3, 1, 274, 175)
1125 49 (3, 1, 376, 167)
66 5 (3, 5, 27, 39)
88 16 (4, 6, 28, 43)
56 6 (2, 10, 38, 643)
33 44 (3, 20, 31, 939)
1008 15 (3, 27, 363, 143)
3555 0 (79, 67, 112, 587)
16 35 (4, 67, 71, 967)
24 29 (3, 71, 79, 751)
142 39 (2, 93, 164, 103)
204 13 (3, 155, 223, 783)
480 28 (3, 194, 354, 99)
536 48 (4, 194, 328, 683)
320 2 (2, 230, 390, 107)
2785 1 (5, 231, 788, 335)
636 22 (3, 240, 452, 627)
538 21 (2, 287, 556, 231)
1209 41 (3, 339, 742, 983)
916 26 (2, 340, 798, 763)
411 30 (3, 358, 495, 739)
732 9 (3, 375, 619, 71)
297 32 (3, 396, 495, 755)
1707 33 (3, 405, 974, 967)
2792 24 (4, 442, 1140, 987)
666 7 (3, 451, 673, 23)
1254 36 (3, 452, 870, 275)
1479 11 (3, 471, 964, 839)
340 46 (4, 722, 807, 363)
522 43 (3, 761, 935, 207)

(0, 0)	(0, 0)	(0, 0)	(0, 0)	(0, 0)	(0, 0)	(0, 0)	(0, 0)	(0, 0)	(0, 0)	(0, 0)	(0, 0)	(0, 0)	(0, 0)	(0, 0)	(0, 0)	(0, 0)	(0, 0)	(0, 0)	(0, 0)	(0, 0)	(0, 0)	(0, 0)	(0, 0)	(0, 0)	(0, 0)	(0, 0)	(0, 0)	(0, 0)	(0, 0)	(0, 0)	(0, 0)	(0, 0)	(0, 0)	(0, 0)	(0, 0)	(0, 0)	(0, 0)	(0, 0)	(0, 0)	(0, 0)	(0, 0)	(0, 0)	(0, 0)	(0, 0)	(0, 0)	(0, 0)	(0, 0)	(0, 0)	(0, 0)	(0, 0)	(0, 0)	(0, 0)	(0, 0)	(0, 0)	(0, 0)	(0, 0)	(0, 0)	(0, 0)	(0, 0)	(0, 0)	(0, 0)	(0, 0)	(0, 0)	(0, 0)	(0, 0)	(0, 0)	(0, 0)	(0, 0)	(0, 0)	(0, 0)	(0, 0)	(0, 0)	(0, 0)	(0, 0)	(0, 0)	(0, 0)	(0, 0)	(0, 0)	(0, 0)	(0, 0)	(0, 0)	(0, 0)	(0, 0)	(0, 0)	(0, 0)	(0, 0)	(0, 0)	(0, 0)	(0, 0)	(0, 0)	(0, 0)	(0, 0)	(0, 0)	(0, 0)	(0, 0)	(0, 0)	(0, 0)	(0, 0)	(0, 0)	
(0, 0)	(0, 0)	(0, 0)	(0, 0)	(0, 0)	(0, 0)	(0, 0)	(0, 0)	(0, 0)	(0, 0)	(0, 0)	(0, 0)	(0, 0)	(0, 0)	(0, 0)	(0, 0)	(0, 0)	(0, 0)	(0, 0)	(0, 0)	(0, 0)	(0, 0)	(0, 0)	(0, 0)	(0, 0)	(0, 0)	(0, 0)	(0, 0)	(0, 0)	(0, 0)	(0, 0)	(0, 0)	(0, 0)	(0, 0)	(0, 0)	(0, 0)	(0, 0)	(0, 0)	(0, 0)	(0, 0)	(0, 0)	(0, 0)	(0, 0)	(0, 0)	(0, 0)	(0, 0)	(0, 0)	(0, 0)	(0, 0)	(0, 0)	(0, 0)	(0, 0)	(0, 0)	(0, 0)	(0, 0)	(0, 0)	(0, 0)	(0, 0)	(0, 0)	(0, 0)	(0, 0)	(0, 0)	(0, 0)	(0, 0)	(0, 0)	(0, 0)	(0, 0)	(0, 0)	(0, 0)	(0, 0)	(0, 0)	(0, 0)	(0, 0)	(0, 0)	(0, 0)	(0, 0)	(0, 0)	(0, 0)	(0, 0)	(0, 0)	(0, 0)	(0, 0)	(0, 0)	(0, 0)	(0, 0)	(0, 0)	(0, 0)	(0, 0)	(0, 0)	(0, 0)	(0, 0)	(0, 0)	(0, 0)	(0, 0)	(0, 0)	(0, 0)	(0, 0)	(0, 0)	(0, 0)	(0, 0)	
(0, 0)	(0, 0)	(0, 0)	(0, 0)	(0, 0)	(0, 0)	(0, 0)	(0, 0)	(0, 0)	(0, 0)	(0, 0)	(0, 0)	(0, 0)	(0, 0)	(0, 0)	(0, 0)	(0, 0)	(0, 0)	(0, 0)	(0, 0)	(0, 0)	(0, 0)	(0, 0)	(0, 0)	(0, 0)	(0, 0)	(0, 0)	(0, 0)	(0, 0)	(0, 0)	(0, 0)	(0, 0)	(0, 0)	(0, 0)	(0, 0)	(0, 0)	(0, 0)	(0, 0)	(0, 0)	(0, 0)	(0, 0)	(0, 0)	(0, 0)	(0, 0)	(0, 0)	(0, 0)	(0, 0)	(0, 0)	(0, 0)	(0, 0)	(0, 0)	(1610, 806)	(1610, 806)	(1610, 806)	(1610, 806)	(1610, 806)	(1610, 806)	(1610, 806)	(1610, 806)	(1610, 806)	(1610, 806)	(1610, 806)	(1610, 806)	(1610, 806)	(1610, 806)	(1610, 806)	(1610, 806)	(1610, 806)	(1610, 806)	(1610, 806)	(1610, 806)	(1610, 806)	(1610, 806)	(1610, 806)	(1610, 806)	(1610, 806)	(1610, 806)	(1610, 806)	(1610, 806)	(1610, 806)	(1610, 806)	(1610, 806)	(1610, 806)	(1610, 806)	(1610, 806)	(1610, 806)	(1610, 806)	(1610, 806)	(1610, 806)	(1610, 806)	(1610, 806)	(1610, 806)	(1610, 806)	(1610, 806)	(1610, 806)	(1610, 806)	(1610, 806)	(1610, 806)	(1610, 806)	(1610, 806)	
(0, 0)	(0, 0)	(0, 0)	(0, 0)	(0, 0)	(0, 0)	(0, 0)	(0, 0)	(0, 0)	(0, 0)	(0, 0)	(0, 0)	(0, 0)	(0, 0)	(0, 0)	(0, 0)	(0, 0)	(0, 0)	(0, 0)	(0, 0)	(0, 0)	(0, 0)	(0, 0)	(0, 0)	(0, 0)	(0, 0)	(0, 0)	(0, 0)	(0, 0)	(0, 0)	(0, 0)	(0, 0)	(0, 0)	(0, 0)	(0, 0)	(0, 0)	(0, 0)	(0, 0)	(0, 0)	(0, 0)	(0, 0)	(0, 0)	(0, 0)	(0, 0)	(0, 0)	(0, 0)	(0, 0)	(0, 0)	(0, 0)	(0, 0)	(0, 0)	(1610, 806)	(1610, 806)	(1610, 806)	(1610, 806)	(1610, 806)	(1610, 806)	(1610, 806)	(1610, 806)	(1610, 806)	(1610, 806)	(1610, 806)	(1610, 806)	(1610, 806)	(1610, 806)	(1610, 806)	(1610, 806)	(1610, 806)	(1610, 806)	(1610, 806)	(1610, 806)	(1610, 806)	(1610, 806)	(1610, 806)	(1610, 806)	(1610, 806)	(1610, 806)	(1610, 806)	(1610, 806)	(1610, 806)	(1610, 806)	(1610, 806)	(1610, 806)	(1610, 806)	(1610, 806)	(1610, 806)	(1610, 806)	(1610, 806)	(1610, 806)	(1610, 806)	(1610, 806)	(1610, 806)	(1610, 806)	(1610, 806)	(1610, 806)	(1610, 806)	(1610, 806)	(1610, 806)	(1610, 806)	(1610, 806)	
(0, 0)	(0, 0)	(0, 0)	(0, 0)	(0, 0)	(0, 0)	(0, 0)	(0, 0)	(0, 0)	(0, 0)	(0, 0)	(0, 0)	(0, 0)	(0, 0)	(0, 0)	(0, 0)	(0, 0)	(0, 0)	(0, 0)	(0, 0)	(0, 0)	(0, 0)	(0, 0)	(0, 0)	(0, 0)	(0, 0)	(0, 0)	(0, 0)	(0, 0)	(0, 0)	(0, 0)	(0, 0)	(0, 0)	(0, 0)	(0, 0)	(0, 0)	(0, 0)	(0, 0)	(0, 0)	(0, 0)	(0, 0)	(0, 0)	(0, 0)	(0, 0)	(0, 0)	(0, 0)	(0, 0)	(0, 0)	(0, 0)	(0, 0)	(0, 0)	(1610, 806)	(1610, 806)	(1610, 806)	(1610, 806)	(1610, 806)	(1610, 806)	(1610, 806)	(1610, 806)	(1610, 806)	(1610, 806)	(1610, 806)	(1610, 806)	(1610, 806)	(1610, 806)	(1610, 806)	(1610, 806)	(1610, 806)	(1610, 806)	(1610, 806)	(1610, 806)	(1610, 806)	(1610, 806)	(1610, 806)	(1610, 806)	(1610, 806)	(1610, 806)	(1610, 806)	(1610, 806)	(1610, 806)	(1610, 806)	(1610, 806)	(1610, 806)	(1610, 806)	(1610, 806)	(1610, 806)	(1610, 806)	(1610, 806)	(1610, 806)	(1610, 806)	(1610, 806)	(1610, 806)	(1610, 806)	(1610, 806)	(1610, 806)	(1610, 806)	(1610, 806)	(1610, 806)	(1610, 806)	(1610, 806)	
(0, 0)	(0, 0)	(0, 0)	(0, 0)	(0, 0)	(0, 0)	(0, 0)	(0, 0)	(0, 0)	(0, 0)	(0, 0)	(0, 0)	(0, 0)	(0, 0)	(0, 0)	(0, 0)	(0, 0)	(0, 0)	(0, 0)	(0, 0)	(0, 0)	(0, 0)	(0, 0)	(0, 0)	(0, 0)	(0, 0)	(0, 0)	(0, 0)	(0, 0)	(0, 0)	(0, 0)	(0, 0)	(0, 0)	(0, 0)	(0, 0)	(0, 0)	(0, 0)	(0, 0)	(0, 0)	(0, 0)	(0, 0)	(0, 0)	(0, 0)	(0, 0)	(0, 0)	(0, 0)	(0, 0)	(0, 0)	(0, 0)	(0, 0)	(0, 0)	(1610, 806)	(1610, 806)	(1610, 806)	(1610, 806)	(1610, 806)	(1610, 806)	(1610, 806)	(1610, 806)	(1610, 806)	(1610, 806)	(1610, 806)	(1610, 806)	(1610, 806)	(1610, 806)	(1610, 806)	(1610, 806)	(1610, 806)	(1610, 806)	(1610, 806)	(1610, 806)	(1610, 806)	(1610, 806)	(1610, 806)	(1610, 806)	(1610, 806)	(1610, 806)	(1610, 806)	(1610, 806)	(1610, 806)	(1610, 806)	(1610, 806)	(1610, 806)	(1610, 806)	(1610, 806)	(1610, 806)	(1610, 806)	(1610, 806)	(1610, 806)	(1610, 806)	(1610, 806)	(1610, 806)	(1610, 806)	(1610, 806)	(1610, 806)	(1610, 806)	(1610, 806)	(1610, 806)	(1610, 806)	(1610, 806)	
(0, 0)	(0, 0)	(0, 0)	(0, 0)	(0, 0)	(0, 0)	(0, 0)	(0, 0)	(0, 0)	(0, 0)	(0, 0)	(0, 0)	(0, 0)	(0, 0)	(0, 0)	(0, 0)	(0, 0)	(0, 0)	(0, 0)	(0, 0)	(0, 0)	(0, 0)	(0, 0)	(0, 0)	(0, 0)	(0, 0)	(0, 0)	(0, 0)	(0, 0)	(0, 0)	(0, 0)	(0, 0)	(0, 0)	(0, 0)	(0, 0)	(0, 0)	(0, 0)	(0, 0)	(0, 0)	(0, 0)	(0, 0)	(0, 0)	(0, 0)	(0, 0)	(0, 0)	(0, 0)	(0, 0)	(0, 0)	(0, 0)	(0, 0)	(0, 0)	(1610, 806)	(1610, 806)	(1610, 806)	(1610, 806)	(1610, 806)	(1610, 806)	(1610, 806)	(1610, 806)	(1610, 806)	(1610, 806)	(1610, 806)	(1610, 806)	(1610, 806)	(1610, 806)	(1610, 806)	(1610, 806)	(1610, 806)	(1610, 806)	(1610, 806)	(1610, 806)	(1610, 806)	(1610, 806)	(1610, 806)	(1610, 806)	(1610, 806)	(1610, 806)	(1610, 806)	(1610, 806)	(1610, 806)	(1610, 806)	(1610, 806)	(1610, 806)	(1610, 806)	(1610, 806)	(1610, 806)	(1610, 806)	(1610, 806)	(1610, 806)	(1610, 806)	(1610, 806)	(1610, 806)	(1610, 806)	(1610, 806)	(1610, 806)	(1610, 806)	(1610, 806)	(1610, 806)	(1610, 806)	(1610, 806)	
(0, 0)	(0, 0)	(0, 0)	(0, 0)	(0, 0)	(0, 0)	(0, 0)	(0, 0)	(0, 0)	(0, 0)	(0, 0)	(0, 0)	(0, 0)	(0, 0)	(0, 0)	(0, 0)	(0, 0)	(0, 0)	(0, 0)	(0, 0)	(0, 0)	(0, 0)	(0, 0)	(0, 0)	(0, 0)	(0, 0)	(0, 0)	(0, 0)	(0, 0)	(0, 0)	(0, 0)	(0, 0)	(0, 0)	(0, 0)	(0, 0)	(0, 0)	(0, 0)	(0, 0)	(0, 0)	(0, 0)	(0, 0)	(0, 0)	(0, 0)	(0, 0)	(0, 0)	(0, 0)	(0, 0)	(0, 0)	(0, 0)	(0, 0)	(0, 0)	(1610, 806)	(1610, 806)	(1610, 806)	(1610, 806)	(1610, 806)	(1610, 806)	(1610, 806)	(1610, 806)	(1610, 806)	(1610, 806)	(1610, 806)	(1610, 806)	(1610, 806)	(1610, 806)	(1610, 806)	(1610, 806)	(1610, 806)	(1610, 806)	(1610, 806)	(1610, 806)	(1610, 806)	(1610, 806)	(1610, 806)	(1610, 806)	(1610, 806)	(1610, 806)	(1610, 806)	(1610, 806)	(1610, 806)	(1610, 806)	(1610, 806)	(1610, 806)	(1610, 806)	(1610, 806)	(1610, 806)	(1610, 806)	(1610, 806)	(1610, 806)	(1610, 806)	(1610, 806)	(1610, 806)	(1610, 806)	(1610, 806)	(1610, 806)	(1610, 806)	(1610, 806)	(1610, 806)	(1610, 806)	(1610, 806)	
(0, 0)	(0, 0)	(0, 0)	(0, 0)	(0, 0)	(0, 0)	(0, 0)	(0, 0)	(0, 0)	(0, 0)	(0, 0)	(0, 0)	(0, 0)	(0, 0)	(0, 0)	(0, 0)	(0, 0)	(0, 0)	(0, 0)	(0, 0)	(0, 0)	(0, 0)	(0, 0)	(0, 0)	(0, 0)	(0, 0)	(0, 0)	(0, 0)	(0, 0)	(0, 0)	(0, 0)	(0, 0)	(0, 0)	(0, 0)	(0, 0)	(0, 0)	(0, 0)	(0, 0)	(0, 0)	(0, 0)	(0, 0)	(0, 0)	(0, 0)	(0, 0)	(0, 0)	(0, 0)	(0, 0)	(0, 0)	(0, 0)	(0, 0)	(0, 0)	(1610, 806)	(1610, 806)	(1610, 806)	(1610, 806)	(1610, 806)	(1610, 806)	(1610, 806)	(1610, 806)	(1610, 806)	(1610, 806)	(1610, 806)	(1610, 806)	(1610, 806)	(1610, 806)	(1610, 806)	(1610, 806)	(1610, 806)	(1610, 806)	(1610, 806)	(1610, 806)	(1610, 806)	(1610, 806)	(1610, 806)	(1610, 806)	(1610, 806)	(1610, 806)	(1610, 806)	(1610, 806)	(1610, 806)	(1610, 806)	(1610, 806)	(1610, 806)	(1610, 806)	(1610, 806)	(1610, 806)	(1610, 806)	(1610, 806)	(1610, 806)	(1610, 806)	(1610, 806)	(1610, 806)	(1610, 806)	(1610, 806)	(1610, 806)	(1610, 806)	(1610, 806)	(1610, 806)	(1610, 806)	(1610, 806)	
(0, 0)	(0, 0)	(0, 0)	(0, 0)	(0, 0)	(0, 0)	(0, 0)	(0, 0)	(0, 0)	(0, 0)	(0, 0)	(0, 0)	(0, 0)	(0, 0)	(0, 0)	(0, 0)	(0, 0)	(0, 0)	(0, 0)	(0, 0)	(0, 0)	(0, 0)	(0, 0)	(0, 0)	(0, 0)	(0, 0)	(0, 0)	(0, 0)	(0, 0)	(0, 0)	(0, 0)	(0, 0)	(0, 0)	(0, 0)	(0, 0)	(0, 0)	(0, 0)	(0, 0)	(0, 0)	(0, 0)	(0, 0)	(0, 0)	(0, 0)	(0, 0)	(0, 0)	(0, 0)	(0, 0)	(0, 0)	(0, 0)	(0, 0)	(0, 0)	(1610, 806)	(1610, 806)	(1610, 806)	(1610, 806)	(1610, 806)	(1610, 806)	(1610, 806)	(1610, 806)	(1610, 806)	(1610, 806)	(1610, 806)	(1610, 806)	(1610, 806)	(1610, 806)	(1610, 806)	(1610, 806)	(1610, 806)	(1610, 806)	(1610, 806)	(1610, 806)	(1610, 806)	(1610, 806)	(1610, 806)	(1610, 806)	(1610, 806)	(1610, 806)	(1610, 806)	(1610, 806)	(1610, 806)	(1610, 806)	(1610, 806)	(1610, 806)	(1610, 806)	(1610, 806)	(1610, 806)	(1610, 806)	(1610, 806)	(1610, 806)	(1610, 806)	(1610, 806)	(1610, 806)	(1610, 806)	(1610, 806)	(1610, 806)	(1610, 806)	(1610, 806)	(1610, 806)	(1610, 806)	(1610, 806)	
(0, 0)	(0, 0)	(0, 0)	(0, 0)	(0, 0)	(0, 0)	(0, 0)	(0, 0)	(0, 0)	(0, 0)	(0, 0)	(0, 0)	(0, 0)	(0, 0)	(0, 0)	(0, 0)	(0, 0)	(0, 0)	(0, 0)	(0, 0)	(0, 0)	(0, 0)	(0, 0)	(0, 0)	(0, 0)	(0, 0)	(0, 0)	(0, 0)	(0, 0)	(0, 0)	(0, 0)	(0, 0)	(0, 0)	(0, 0)	(0, 0)	(0, 0)	(0, 0)	(0, 0)	(0, 0)	(0, 0)	(0, 0)	(0, 0)	(0, 0)	(0, 0)	(0, 0)	(0, 0)	(0, 0)	(0, 0)	(0, 0)	(0, 0)	(0, 0)	(1610, 806)	(1610, 806)	(1610, 806)	(1610, 806)	(1610, 806)	(1610, 806)	(1610, 806)	(1610, 806)	(1610, 806)	(1610, 806)	(1610, 806)	(1610, 806)	(1610, 806)	(1610, 806)	(1610, 806)	(1610, 806)	(1610, 806)	(1610, 806)	(1610, 806)	(1610, 806)	(1610, 806)	(1610, 806)	(1610, 806)	(1610, 806)	(1610, 806)	(1610, 806)	(1610, 806)	(1610, 806)	(1610, 806)	(1610, 806)	(1610, 806)	(1610, 806)	(1610, 806)	(1610, 806)	(1610, 806)	(1610, 806)	(1610, 806)	(1610, 806)	(1610, 806)	(1610, 806)	(1610, 806)	(1610, 806)	(1610, 806)	(1610, 806)	(1610, 806)	(1610, 806)	(1610, 806)	(1610, 806)	(1610, 806)	
(0, 0)	(0, 0)	(0, 0)	(0, 0)	(0, 0)	(0, 0)	(0, 0)	(0, 0)	(0, 0)	(0, 0)	(0, 0)	(0, 0)	(0, 0)	(0, 0)	(0, 0)	(0, 0)	(0, 0)	(0, 0)	(0, 0)	(0, 0)	(0, 0)	(0, 0)	(0, 0)	(0, 0)	(0, 0)	(0, 0)	(0, 0)	(0, 0)	(0, 0)	(0, 0)	(0, 0)	(0, 0)	(0, 0)	(0, 0)	(0, 0)	(0, 0)	(0, 0)	(0, 0)	(0, 0)	(0, 0)	(0, 0)	(0, 0)	(0, 0)	(0, 0)	(0, 0)	(0, 0)	(0, 0)	(0, 0)	(0, 0)	(0, 0)	(0, 0)	(1610, 806)	(1610, 806)	(1610, 806)	(1610, 806)	(1610, 806)	(1610, 806)	(1610, 806)	(1610, 806)	(1610, 806)	(1610, 806)	(1610, 806)	(1610, 806)	(1610, 806)	(1610, 806)	(1610, 806)	(1610, 806)	(1610, 806)	(1610, 806)	(1610, 806)	(1610, 806)	(1610, 806)	(1610, 806)	(1610, 806)	(1610, 806)	(1610, 806)	(1610, 806)	(1610, 806)	(1610, 806)	(1610, 806)	(1610, 806)	(1610, 806)	(1610, 806)	(1610, 806)	(1610, 806)	(1610, 806)	(1610, 806)	(1610, 806)	(1610, 806)	(1610, 806)	(1610, 806)	(1610, 806)	(1610, 806)	(1610, 806)	(1610, 806)	(1610, 806)	(1610, 806)	(1610, 806)	(1610, 806)	(1610, 806)	
(0, 0)	(0, 0)	(0, 0)	(0, 0)	(0, 0)	(0, 0)	(0, 0)	(0, 0)	(0, 0)	(0, 0)	(0, 0)	(0, 0)	(0, 0)	(0, 0)	(0, 0)	(0, 0)	(0, 0)	(0, 0)	(0, 0)	(0, 0)	(0, 0)	(0, 0)	(0, 0)	(0, 0)	(0, 0)	(0, 0)	(0, 0)	(0, 0)	(0, 0)	(0, 0)	(0, 0)	(0, 0)	(0, 0)	(0, 0)	(0, 0)	(0, 0)	(0, 0)	(0, 0)	(0, 0)	(0, 0)	(0, 0)	(0, 0)	(0, 0)	(0, 0)	(0, 0)	(0, 0)	(0, 0)	(0, 0)	(0, 0)	(0, 0)	(0, 0)	(1610, 806)	(1610, 806)	(1610, 806)	(1610, 806)	(1610, 806)	(1610, 806)	(1610, 806)	(1610, 806)	(1610, 806)	(1610, 806)	(1610, 806)	(1610, 806)	(1610, 806)	(1610, 806)	(1610, 806)	(1610, 806)	(1610, 806)	(1610, 806)	(1610, 806)	(1610, 806)	(1610, 806)	(1610, 806)	(1610, 806)	(1610, 806)	(1610, 806)	(1610, 806)	(1610, 806)	(1610, 806)	(1610, 806)	(1610, 806)	(1610, 806)	(1610, 806)	(1610, 806)	(1610, 806)	(1610, 806)	(1610, 806)	(1610, 806)	(1610, 806)	(1610, 806)	(1610, 806)	(1610, 806)	(1610, 806)	(1610, 806)	(1610, 806)	(1610, 806)	(1610, 806)	(1610, 806)	(1610, 806)	(1610, 806)	
(0, 0)	(0, 0)	(0, 0)	(0, 0)	(0, 0)	(0, 0)	(0, 0)	(0, 0)	(0, 0)	(0, 0)	(0, 0)	(0, 0)	(0, 0)	(0, 0)	(0, 0)	(0, 0)	(0, 0)	(0, 0)	(0, 0)	(0, 0)	(0, 0)	(0, 0)	(0, 0)	(0, 0)	(0, 0)	(0, 0)	(0, 0)	(0, 0)	(0, 0)	(0, 0)	(0, 0)	(0, 0)	(0, 0)	(0, 0)	(0, 0)	(0, 0)	(0, 0)	(0, 0)	(0, 0)	(0, 0)	(0, 0)	(0, 0)	(0, 0)	(0, 0)	(0, 0)	(0, 0)	(0, 0)	(0, 0)	(0, 0)	(0, 0)	(0, 0)	(1610, 806)	(1610, 806)	(1610, 806)	(1610, 806)	(1610, 806)	(1610, 806)	(1610, 806)	(1610, 806)	(1610, 806)	(1610, 806)	(1610, 806)	(1610, 806)	(1610, 806)	(1610, 806)	(1610, 806)	(1610, 806)	(1610, 806)	(1610, 806)	(1610, 806)	(1610, 806)	(1610, 806)	(1610, 806)	(1610, 806)	(1610, 806)	(1610, 806)	(1610, 806)	(1610, 806)	(1610, 806)	(1610, 806)	(1610, 806)	(1610, 806)	(1610, 806)	(1610, 806)	(1610, 806)	(1610, 806)	(1610, 806)	(1610, 806)	(1610, 806)	(1610, 806)	(1610, 806)	(1610, 806)	(1610, 806)	(1610, 806)	(1610, 806)	(1610, 806)	(1610, 806)	(1610, 806)	(1610, 806)	(1610, 806)	
(0, 0)	(0, 0)	(0, 0)	(0, 0)	(0, 0)	(0, 0)	(0, 0)	(0, 0)	(0, 0)	(0, 0)	(0, 0)	(0, 0)	(0, 0)	(0, 0)	(0, 0)	(0, 0)	(0, 0)	(0, 0)	(0, 0)	(0, 0)	(0, 0)	(0, 0)	(0, 0)	(0, 0)	(0, 0)	(0, 0)	(0, 0)	(0, 0)	(0, 0)	(0, 0)	(0, 0)	(0, 0)	(0, 0)	(0, 0)	(0, 0)	(0, 0)	(0, 0)	(0, 0)	(0, 0)	(0, 0)	(0, 0)	(0, 0)	(0, 0)	(0, 0)	(0, 0)	(0, 0)	(0, 0)	(0, 0)	(0, 0)	(0, 0)	(0, 0)	(1610, 806)	(1610, 806)	(1610, 806)	(1610, 806)	(1610, 806)	(1610, 806)	(1610, 806)	(1610, 806)	(1610, 806)	(1610, 806)	(1610, 806)	(1610, 806)	(1610, 806)	(1610, 806)	(1610, 806)	(1610, 806)	(1610, 806)	(1610, 806)	(1610, 806)	(1610, 806)	(1610, 806)	(1610, 806)	(1610, 806)	(1610, 806)	(1610, 806)	(1610, 806)	(1610, 806)	(1610, 806)	(1610, 806)	(1610, 806)	(1610, 806)	(1610, 806)	(1610, 806)	(1610, 806)	(1610, 806)	(1610, 806)	(1610, 806)	(1610, 806)	(1610, 806)	(1610, 806)	(1610, 806)	(1610, 806)	(1610, 806)	(1610, 806)	(1610, 806)	(1610, 806)	(1610, 806)	(1610, 806)	(1610, 806)	
(0, 0)	(0, 0)	(0, 0)	(0, 0)	(0, 0)	(0, 0)	(0, 0)	(0, 0)	(0, 0)	(0, 0)	(0, 0)	(0, 0)	(0, 0)	(0, 0)	(0, 0)	(0, 0)	(0, 0)	(0, 0)	(0, 0)	(0, 0)	(0, 0)	(0, 0)	(0, 0)	(0, 0)	(0, 0)	(0, 0)	(0, 0)	(0, 0)	(0, 0)	(0, 0)	(0, 0)	(0, 0)	(0, 0)	(0, 0)	(0, 0)	(0, 0)	(0, 0)	(0, 0)	(0, 0)	(0, 0)	(0, 0)	(0, 0)	(0, 0)	(0, 0)	(0, 0)	(0, 0)	(0, 0)	(0, 0)	(0, 0)	(0, 0)	(0, 0)	(1610, 806)	(1610, 806)	(1610, 806)	(1610, 806)	(1610, 806)	(1610, 806)	(1610, 806)	(1610, 806)	(1610, 806)	(1610, 806)	(1610, 806)	(1610, 806)	(1610, 806)	(1610, 806)	(1610, 806)	(1610, 806)	(1610, 806)	(1610, 806)	(1610, 806)	(1610, 806)	(1610, 806)	(1610, 806)	(1610, 806)	(1610, 806)	(1610, 806)	(1610, 806)	(1610, 806)	(1610, 806)	(1610, 806)	(1610, 806)	(1610, 806)	(1610, 806)	(2130, 711)	(2130, 711)	(2130, 711)	(2130, 711)	(2130, 711)	(2130, 711)	(2130, 711)	(2130, 711)	(2130, 711)	(2130, 711)	(2130, 711)	(2130, 711)	(2130, 711)	(2130, 711)	(2130, 711)	(2130, 711)	(2130, 711)	
(0, 0)	(0, 0)	(0, 0)	(0, 0)	(0, 0)	(0, 0)	(0, 0)	(0, 0)	(0, 0)	(0, 0)	(0, 0)	(0, 0)	(0, 0)	(0, 0)	(0, 0)	(0, 0)	(0, 0)	(0, 0)	(0, 0)	(0, 0)	(0, 0)	(0, 0)	(0, 0)	(0, 0)	(0, 0)	(0, 0)	(0, 0)	(0, 0)	(0, 0)	(0, 0)	(0, 0)	(0, 0)	(0, 0)	(0, 0)	(0, 0)	(0, 0)	(0, 0)	(0, 0)	(0, 0)	(0, 0)	(0, 0)	(0, 0)	(0, 0)	(0, 0)	(0, 0)	(0, 0)	(0, 0)	(0, 0)	(0, 0)	(0, 0)	(0, 0)	(1610, 806)	(1610, 806)	(1610, 806)	(1610, 806)	(1610, 806)	(1610, 806)	(1610, 806)	(1610, 806)	(1610, 806)	(1610, 806)	(1610, 806)	(1610, 806)	(1610, 806)	(1610, 806)	(1610, 806)	(1610, 806)	(1610, 806)	(1610, 806)	(1610, 806)	(1610, 806)	(1610, 806)	(1610, 806)	(1610, 806)	(1610, 806)	(1610, 806)	(1610, 806)	(1610, 806)	(1610, 806)	(1610, 806)	(1610, 806)	(1610, 806)	(1610, 806)	(2130, 711)	(2130, 711)	(2130, 711)	(2130, 711)	(2130, 711)	(2130, 711)	(2130, 711)	(2130, 711)	(2130, 711)	(2130, 711)	(2130, 711)	(2130, 711)	(2130, 711)	(2130, 711)	(2130, 711)	(2130, 711)	(2130, 711)	
(0, 0)	(0, 0)	(0, 0)	(0, 0)	(0, 0)	(0, 0)	(0, 0)	(0, 0)	(0, 0)	(0, 0)	(0, 0)	(0, 0)	(0, 0)	(0, 0)	(0, 0)	(0, 0)	(0, 0)	(0, 0)	(0, 0)	(0, 0)	(0, 0)	(0, 0)	(0, 0)	(0, 0)	(0, 0)	(0, 0)	(0, 0)	(0, 0)	(0, 0)	(0, 0)	(0, 0)	(0, 0)	(0, 0)	(0, 0)	(0, 0)	(0, 0)	(0, 0)	(0, 0)	(0, 0)	(0, 0)	(0, 0)	(0, 0)	(0, 0)	(0, 0)	(0, 0)	(0, 0)	(0, 0)	(0, 0)	(0, 0)	(0, 0)	(0, 0)	(1610, 806)	(1610, 806)	(1610, 806)	(1610, 806)	(1610, 806)	(1610, 806)	(1610, 806)	(1610, 806)	(1610, 806)	(1610, 806)	(1610, 806)	(1610, 806)	(1610, 806)	(1610, 806)	(1610, 806)	(1610, 806)	(1610, 806)	(1610, 806)	(1610, 806)	(1610, 806)	(1610, 806)	(1610, 806)	(1610, 806)	(1610, 806)	(1610, 806)	(1610, 806)	(1610, 806)	(1610, 806)	(1610, 806)	(1610, 806)	(1610, 806)	(1610, 806)	(2130, 711)	(2130, 711)	(2130, 711)	(2130, 711)	(2130, 711)	(2130, 711)	(2130, 711)	(2130, 711)	(2130, 711)	(2130, 711)	(2130, 711)	(2130, 711)	(2130, 711)	(2130, 711)	(2130, 711)	(2130, 711)	(2130, 711)	
(0, 0)	(0, 0)	(0, 0)	(0, 0)	(0, 0)	(0, 0)	(0, 0)	(0, 0)	(0, 0)	(0, 0)	(0, 0)	(0, 0)	(0, 0)	(0, 0)	(0, 0)	(0, 0)	(0, 0)	(0, 0)	(0, 0)	(0, 0)	(0, 0)	(0, 0)	(0, 0)	(0, 0)	(0, 0)	(0, 0)	(0, 0)	(0, 0)	(0, 0)	(0, 0)	(0, 0)	(0, 0)	(0, 0)	(0, 0)	(0, 0)	(0, 0)	(0, 0)	(0, 0)	(0, 0)	(0, 0)	(0, 0)	(0, 0)	(0, 0)	(0, 0)	(0, 0)	(0, 0)	(0, 0)	(0, 0)	(0, 0)	(0, 0)	(0, 0)	(1610, 806)	(1610, 806)	(1610, 806)	(1610, 806)	(1610, 806)	(1610, 806)	(1610, 806)	(1610, 806)	(1610, 806)	(1610, 806)	(1610, 806)	(1610, 806)	(1610, 806)	(1610, 806)	(1610, 806)	(1610, 806)	(1610, 806)	(1610, 806)	(1610, 806)	(1610, 806)	(1610, 806)	(1610, 806)	(1610, 806)	(1610, 806)	(1610, 806)	(1610, 806)	(1610, 806)	(1610, 806)	(1610, 806)	(1610, 806)	(1610, 806)	(1610, 806)	(2130, 711)	(2130, 711)	(2130, 711)	(2130, 711)	(2130, 711)	(2130, 711)	(2130, 711)	(2130, 711)	(2130, 711)	(2130, 711)	(2130, 711)	(2130, 711)	(2130, 711)	(2130, 711)	(2130, 711)	(2130, 711)	(2130, 711)	
(0, 0)	(0, 0)	(0, 0)	(0, 0)	(0, 0)	(0, 0)	(0, 0)	(0, 0)	(0, 0)	(0, 0)	(0, 0)	(0, 0)	(0, 0)	(0, 0)	(0, 0)	(0, 0)	(0, 0)	(0, 0)	(0, 0)	(0, 0)	(0, 0)	(0, 0)	(0, 0)	(0, 0)	(0, 0)	(0, 0)	(0, 0)	(0, 0)	(0, 0)	(0, 0)	(0, 0)	(0, 0)	(0, 0)	(0, 0)	(0, 0)	(0, 0)	(0, 0)	(0, 0)	(0, 0)	(0, 0)	(0, 0)	(0, 0)	(0, 0)	(0, 0)	(0, 0)	(0, 0)	(0, 0)	(0, 0)	(0, 0)	(0, 0)	(0, 0)	(1610, 806)	(1610, 806)	(1610, 806)	(1610, 806)	(1610, 806)	(1610, 806)	(1610, 806)	(1610, 806)	(1610, 806)	(1610, 806)	(1610, 806)	(1610, 806)	(1610, 806)	(1610, 806)	(1610, 806)	(1610, 806)	(1610, 806)	(1610, 806)	(1610, 806)	(1610, 806)	(1610, 806)	(1610, 806)	(1610, 806)	(1610, 806)	(1610, 806)	(1610, 806)	(1610, 806)	(1610, 806)	(1610, 806)	(1610, 806)	(1610, 806)	(1610, 806)	(2130, 711)	(2130, 711)	(2130, 711)	(2130, 711)	(2130, 711)	(2130, 711)	(2130, 711)	(2130, 711)	(2130, 711)	(2130, 711)	(2130, 711)	(2130, 711)	(2130, 711)	(2130, 711)	(2130, 711)	(2130, 711)	(2130, 711)	
(0, 0)	(0, 0)	(0, 0)	(0, 0)	(0, 0)	(0, 0)	(0, 0)	(0, 0)	(0, 0)	(0, 0)	(0, 0)	(0, 0)	(0, 0)	(0, 0)	(0, 0)	(0, 0)	(0, 0)	(0, 0)	(0, 0)	(0, 0)	(0, 0)	(0, 0)	(0, 0)	(0, 0)	(0, 0)	(0, 0)	(0, 0)	(0, 0)	(0, 0)	(0, 0)	(0, 0)	(0, 0)	(0, 0)	(0, 0)	(0, 0)	(0, 0)	(0, 0)	(0, 0)	(0, 0)	(0, 0)	(0, 0)	(0, 0)	(0, 0)	(0, 0)	(0, 0)	(0, 0)	(0, 0)	(0, 0)	(0, 0)	(0, 0)	(0, 0)	(1610, 806)	(1610, 806)	(1610, 806)	(1610, 806)	(1610, 806)	(1610, 806)	(1610, 806)	(1610, 806)	(1610, 806)	(1610, 806)	(1610, 806)	(1610, 806)	(1610, 806)	(1610, 806)	(1610, 806)	(1610, 806)	(1610, 806)	(1610, 806)	(1610, 806)	(1610, 806)	(1610, 806)	(1610, 806)	(1610, 806)	(1610, 806)	(1610, 806)	(1610, 806)	(1610, 806)	(1610, 806)	(1610, 806)	(1610, 806)	(1610, 806)	(1610, 806)	(2130, 711)	(2130, 711)	(2130, 711)	(2130, 711)	(2130, 711)	(2130, 711)	(2130, 711)	(2130, 711)	(2130, 711)	(2130, 711)	(2130, 711)	(2130, 711)	(2130, 711)	(2130, 711)	(2130, 711)	(2130, 711)	(2130, 711)	
(0, 0)	(0, 0)	(0, 0)	(0, 0)	(0, 0)	(0, 0)	(0, 0)	(0, 0)	(0, 0)	(0, 0)	(0, 0)	(0, 0)	(0, 0)	(0, 0)	(0, 0)	(0, 0)	(0, 0)	(0, 0)	(0, 0)	(0, 0)	(0, 0)	(0, 0)	(0, 0)	(0, 0)	(0, 0)	(0, 0)	(0, 0)	(0, 0)	(0, 0)	(0, 0)	(0, 0)	(0, 0)	(0, 0)	(0, 0)	(0, 0)	(0, 0)	(0, 0)	(0, 0)	(0, 0)	(0, 0)	(0, 0)	(0, 0)	(0, 0)	(0, 0)	(0, 0)	(0, 0)	(0, 0)	(0, 0)	(0, 0)	(0, 0)	(0, 0)	(1610, 806)	(1610, 806)	(1610, 806)	(1610, 806)	(1610, 806)	(1610, 806)	(1610, 806)	(1610, 806)	(1610, 806)	(1610, 806)	(1610, 806)	(1610, 806)	(1610, 806)	(1610, 806)	(1610, 806)	(1610, 806)	(1610, 806)	(1610, 806)	(1610, 806)	(1610, 806)	(1610, 806)	(1610, 806)	(1610, 806)	(1610, 806)	(1610, 806)	(1610, 806)	(1610, 806)	(1610, 806)	(1610, 806)	(1610, 806)	(1610, 806)	(1610, 806)	(2130, 711)	(2130, 711)	(2130, 711)	(2130, 711)	(2130, 711)	(2130, 711)	(2130, 711)	(2130, 711)	(2130, 711)	(2130, 711)	(2130, 711)	(2130, 711)	(2130, 711)	(2130, 711)	(2130, 711)	(2130, 711)	(2130, 711)	
(0, 0)	(0, 0)	(0, 0)	(0, 0)	(0, 0)	(0, 0)	(0, 0)	(0, 0)	(0, 0)	(0, 0)	(0, 0)	(0, 0)	(0, 0)	(0, 0)	(0, 0)	(0, 0)	(0, 0)	(0, 0)	(0, 0)	(0, 0)	(0, 0)	(0, 0)	(0, 0)	(0, 0)	(0, 0)	(0, 0)	(0, 0)	(0, 0)	(0, 0)	(0, 0)	(0, 0)	(0, 0)	(0, 0)	(0, 0)	(0, 0)	(0, 0)	(0, 0)	(0, 0)	(0, 0)	(0, 0)	(0, 0)	(0, 0)	(0, 0)	(0, 0)	(0, 0)	(0, 0)	(0, 0)	(0, 0)	(0, 0)	(0, 0)	(0, 0)	(1610, 806)	(1610, 806)	(1610, 806)	(1610, 806)	(1610, 806)	(1610, 806)	(1610, 806)	(1610, 806)	(1610, 806)	(1610, 806)	(1610, 806)	(1610, 806)	(1610, 806)	(1610, 806)	(1610, 806)	(1610, 806)	(1610, 806)	(1610, 806)	(1610, 806)	(1610, 806)	(1610, 806)	(1610, 806)	(1610, 806)	(1610, 806)	(1610, 806)	(1610, 806)	(1610, 806)	(1610, 806)	(1610, 806)	(1610, 806)	(1610, 806)	(1610, 806)	(2130, 711)	(2130, 711)	(2130, 711)	(2130, 711)	(2130, 711)	(2130, 711)	(2130, 711)	(2130, 711)	(2130, 711)	(2130, 711)	(2130, 711)	(2130, 711)	(2130, 711)	(2130, 711)	(2130, 711)	(2130, 711)	(2130, 711)	
(0, 0)	(0, 0)	(0, 0)	(0, 0)	(0, 0)	(0, 0)	(0, 0)	(0, 0)	(0, 0)	(0, 0)	(0, 0)	(0, 0)	(0, 0)	(0, 0)	(0, 0)	(0, 0)	(0, 0)	(0, 0)	(0, 0)	(0, 0)	(0, 0)	(0, 0)	(0, 0)	(0, 0)	(0, 0)	(0, 0)	(0, 0)	(0, 0)	(0, 0)	(0, 0)	(0, 0)	(0, 0)	(0, 0)	(0, 0)	(0, 0)	(0, 0)	(0, 0)	(0, 0)	(0, 0)	(66, 27)	(66, 27)	(66, 27)	(66, 27)	(66, 27)	(66, 27)	(66, 27)	(66, 27)	(66, 27)	(66, 27)	(66, 27)	(66, 27)	(1610, 806)	(1610, 806)	(1610, 806)	(1610, 806)	(1610, 806)	(1610, 806)	(1610, 806)	(1610, 806)	(1610, 806)	(1610, 806)	(1610, 806)	(1610, 806)	(1610, 806)	(1610, 806)	(1610, 806)	(1610, 806)	(1610, 806)	(1610, 806)	(1610, 806)	(1610, 806)	(1610, 806)	(1610, 806)	(1610, 806)	(1610, 806)	(1610, 806)	(1610, 806)	(1610, 806)	(1610, 806)	(1610, 806)	(1610, 806)	(1610, 806)	(1610, 806)	(2130, 711)	(2130, 711)	(2130, 711)	(2130, 711)	(2130, 711)	(2130, 711)	(2130, 711)	(2130, 711)	(2130, 711)	(2130, 711)	(2130, 711)	(2130, 711)	(2130, 711)	(2130, 711)	(2130, 711)	(2130, 711)	(2130, 711)	
(0, 0)	(0, 0)	(0, 0)	(0, 0)	(0, 0)	(0, 0)	(0, 0)	(0, 0)	(0, 0)	(0, 0)	(0, 0)	(0, 0)	(0, 0)	(0, 0)	(0, 0)	(0, 0)	(0, 0)	(0, 0)	(0, 0)	(0, 0)	(0, 0)	(0, 0)	(0, 0)	(0, 0)	(0, 0)	(0, 0)	(0, 0)	(0, 0)	(0, 0)	(0, 0)	(0, 0)	(0, 0)	(0, 0)	(0, 0)	(0, 0)	(0, 0)	(0, 0)	(0, 0)	(0, 0)	(66, 27)	(66, 27)	(66, 27)	(66, 27)	(88, 28)	(88, 28)	(88, 28)	(88, 28)	(88, 28)	(88, 28)	(88, 28)	(88, 28)	(1610, 806)	(1610, 806)	(1610, 806)	(1610, 806)	(1610, 806)	(1610, 806)	(1610, 806)	(1610, 806)	(1610, 806)	(1610, 806)	(1610, 806)	(1610, 806)	(1610, 806)	(1610, 806)	(1610, 806)	(1610, 806)	(1610, 806)	(1610, 806)	(1610, 806)	(1610, 806)	(1610, 806)	(1610, 806)	(1610, 806)	(1610, 806)	(1610, 806)	(1610, 806)	(1610, 806)	(1610, 806)	(1610, 806)	(1610, 806)	(1610, 806)	(1610, 806)	(2130, 711)	(2130, 711)	(2130, 711)	(2130, 711)	(2130, 711)	(2130, 711)	(2130, 711)	(2130, 711)	(2130, 711)	(2130, 711)	(2130, 711)	(2130, 711)	(2130, 711)	(2130, 711)	(2130, 711)	(2130, 711)	(2130, 711)	
(0, 0)	(0, 0)	(0, 0)	(0, 0)	(0, 0)	(0, 0)	(0, 0)	(0, 0)	(0, 0)	(0, 0)	(0, 0)	(0, 0)	(0, 0)	(0, 0)	(0, 0)	(0, 0)	(0, 0)	(0, 0)	(0, 0)	(0, 0)	(0, 0)	(0, 0)	(0, 0)	(0, 0)	(0, 0)	(0, 0)	(0, 0)	(0, 0)	(0, 0)	(0, 0)	(0, 0)	(0, 0)	(0, 0)	(0, 0)	(0, 0)	(0, 0)	(0, 0)	(0, 0)	(0, 0)	(66, 27)	(66, 27)	(66, 27)	(66, 27)	(88, 28)	(88, 28)	(88, 28)	(88, 28)	(88, 28)	(88, 28)	(88, 28)	(88, 28)	(1610, 806)	(1610, 806)	(1610, 806)	(1610, 806)	(1610, 806)	(1610, 806)	(1610, 806)	(1610, 806)	(1610, 806)	(1610, 806)	(1610, 806)	(1610, 806)	(1610, 806)	(1610, 806)	(1610, 806)	(1610, 806)	(1610, 806)	(1610, 806)	(1610, 806)	(1610, 806)	(1610, 806)	(1610, 806)	(1610, 806)	(1610, 806)	(1610, 806)	(1610, 806)	(1610, 806)	(1610, 806)	(1610, 806)	(1610, 806)	(1610, 806)	(1610, 806)	(2130, 711)	(2130, 711)	(2130, 711)	(2130, 711)	(2130, 711)	(2130, 711)	(2130, 711)	(2130, 711)	(2130, 711)	(2130, 711)	(2130, 711)	(2130, 711)	(2130, 711)	(2130, 711)	(2130, 711)	(2130, 711)	(2130, 711)	
(0, 0)	(0, 0)	(0, 0)	(0, 0)	(0, 0)	(0, 0)	(0, 0)	(0, 0)	(0, 0)	(0, 0)	(0, 0)	(0, 0)	(0, 0)	(0, 0)	(0, 0)	(0, 0)	(0, 0)	(0, 0)	(0, 0)	(0, 0)	(0, 0)	(0, 0)	(0, 0)	(0, 0)	(0, 0)	(0, 0)	(0, 0)	(0, 0)	(0, 0)	(0, 0)	(0, 0)	(0, 0)	(0, 0)	(0, 0)	(0, 0)	(0, 0)	(0, 0)	(0, 0)	(0, 0)	(66, 27)	(66, 27)	(66, 27)	(66, 27)	(88, 28)	(88, 28)	(88, 28)	(88, 28)	(88, 28)	(88, 28)	(88, 28)	(88, 28)	(1610, 806)	(1610, 806)	(1610, 806)	(1610, 806)	(1610, 806)	(1610, 806)	(1610, 806)	(1610, 806)	(1610, 806)	(1610, 806)	(1610, 806)	(1610, 806)	(1610, 806)	(1610, 806)	(1610, 806)	(1610, 806)	(1610, 806)	(1610, 806)	(1610, 806)	(1610, 806)	(1610, 806)	(1610, 806)	(1610, 806)	(1610, 806)	(1610, 806)	(1610, 806)	(1610, 806)	(1610, 806)	(1610, 806)	(1610, 806)	(1610, 806)	(1610, 806)	(2130, 711)	(2130, 711)	(2130, 711)	(2130, 711)	(2130, 711)	(2130, 711)	(2130, 711)	(2130, 711)	(2130, 711)	(2130, 711)	(2130, 711)	(2130, 711)	(2130, 711)	(2130, 711)	(2130, 711)	(2130, 711)	(2130, 711)	
(0, 0)	(0, 0)	(0, 0)	(0, 0)	(0, 0)	(0, 0)	(0, 0)	(0, 0)	(0, 0)	(0, 0)	(0, 0)	(0, 0)	(0, 0)	(0, 0)	(0, 0)	(0, 0)	(0, 0)	(0, 0)	(0, 0)	(0, 0)	(0, 0)	(0, 0)	(0, 0)	(0, 0)	(0, 0)	(0, 0)	(0, 0)	(0, 0)	(0, 0)	(0, 0)	(0, 0)	(0, 0)	(0, 0)	(0, 0)	(0, 0)	(0, 0)	(0, 0)	(0, 0)	(0, 0)	(66, 27)	(66, 27)	(66, 27)	(66, 27)	(88, 28)	(88, 28)	(88, 28)	(88, 28)	(88, 28)	(88, 28)	(88, 28)	(88, 28)	(1610, 806)	(1610, 806)	(1610, 806)	(1610, 806)	(1610, 806)	(1610, 806)	(1610, 806)	(1610, 806)	(1610, 806)	(1610, 806)	(1610, 806)	(1610, 806)	(1610, 806)	(1610, 806)	(1610, 806)	(1610, 806)	(1610, 806)	(1610, 806)	(1610, 806)	(1610, 806)	(1610, 806)	(1610, 806)	(1610, 806)	(1610, 806)	(1610, 806)	(1610, 806)	(1610, 806)	(1610, 806)	(1610, 806)	(1610, 806)	(1610, 806)	(1610, 806)	(2130, 711)	(2130, 711)	(2130, 711)	(2130, 711)	(2130, 711)	(2130, 711)	(2130, 711)	(2130, 711)	(2130, 711)	(2130, 711)	(2130, 711)	(2130, 711)	(2130, 711)	(2130, 711)	(2130, 711)	(2130, 711)	(2130, 711)	
(0, 0)	(0, 0)	(0, 0)	(0, 0)	(0, 0)	(0, 0)	(0, 0)	(0, 0)	(0, 0)	(0, 0)	(0, 0)	(0, 0)	(0, 0)	(0, 0)	(0, 0)	(0, 0)	(0, 0)	(0, 0)	(0, 0)	(0, 0)	(0, 0)	(0, 0)	(0, 0)	(0, 0)	(0, 0)	(0, 0)	(0, 0)	(0, 0)	(0, 0)	(0, 0)	(0, 0)	(0, 0)	(0, 0)	(0, 0)	(0, 0)	(0, 0)	(0, 0)	(0, 0)	(0, 0)	(66, 27)	(66, 27)	(66, 27)	(66, 27)	(88, 28)	(88, 28)	(88, 28)	(88, 28)	(88, 28)	(88, 28)	(88, 28)	(88, 28)	(1610, 806)	(1610, 806)	(1610, 806)	(1610, 806)	(1610, 806)	(1610, 806)	(1610, 806)	(1610, 806)	(1610, 806)	(1610, 806)	(1610, 806)	(1610, 806)	(1610, 806)	(1610, 806)	(1610, 806)	(1610, 806)	(1610, 806)	(1610, 806)	(1610, 806)	(1610, 806)	(1610, 806)	(1610, 806)	(1610, 806)	(1610, 806)	(1610, 806)	(1610, 806)	(1610, 806)	(1610, 806)	(1610, 806)	(1610, 806)	(1610, 806)	(1610, 806)	(2130, 711)	(2130, 711)	(2130, 711)	(2130, 711)	(2130, 711)	(2130, 711)	(2130, 711)	(2130, 711)	(2130, 711)	(2130, 711)	(2130, 711)	(2130, 711)	(2130, 711)	(2130, 711)	(2130, 711)	(2130, 711)	(2130, 711)	
(0, 0)	(0, 0)	(0, 0)	(0, 0)	(0, 0)	(0, 0)	(0, 0)	(0, 0)	(0, 0)	(0, 0)	(0, 0)	(0, 0)	(0, 0)	(0, 0)	(0, 0)	(0, 0)	(0, 0)	(0, 0)	(0, 0)	(0, 0)	(0, 0)	(0, 0)	(0, 0)	(0, 0)	(0, 0)	(0, 0)	(0, 0)	(0, 0)	(0, 0)	(0, 0)	(0, 0)	(0, 0)	(0, 0)	(0, 0)	(0, 0)	(0, 0)	(0, 0)	(0, 0)	(0, 0)	(66, 27)	(66, 27)	(66, 27)	(66, 27)	(88, 28)	(88, 28)	(88, 28)	(88, 28)	(88, 28)	(88, 28)	(88, 28)	(88, 28)	(1610, 806)	(1610, 806)	(1610, 806)	(1610, 806)	(1610, 806)	(1610, 806)	(1610, 806)	(1610, 806)	(1610, 806)	(1610, 806)	(1610, 806)	(1610, 806)	(1610, 806)	(1610, 806)	(1610, 806)	(1610, 806)	(1610, 806)	(1610, 806)	(1610, 806)	(1610, 806)	(1610, 806)	(1610, 806)	(1610, 806)	(1610, 806)	(1610, 806)	(1610, 806)	(1610, 806)	(1610, 806)	(1610, 806)	(1610, 806)	(1610, 806)	(1610, 806)	(2130, 711)	(2130, 711)	(2130, 711)	(2130, 711)	(2130, 711)	(2130, 711)	(2130, 711)	(2130, 711)	(2130, 711)	(2130, 711)	(2130, 711)	(2130, 711)	(2130, 711)	(2130, 711)	(2130, 711)	(2130, 711)	(2130, 711)	
(0, 0)	(0, 0)	(0, 0)	(0, 0)	(0, 0)	(0, 0)	(0, 0)	(0, 0)	(0, 0)	(0, 0)	(0, 0)	(0, 0)	(0, 0)	(0, 0)	(0, 0)	(0, 0)	(0, 0)	(0, 0)	(0, 0)	(0, 0)	(0, 0)	(0, 0)	(0, 0)	(0, 0)	(0, 0)	(0, 0)	(0, 0)	(0, 0)	(0, 0)	(0, 0)	(0, 0)	(0, 0)	(0, 0)	(0, 0)	(0, 0)	(0, 0)	(0, 0)	(0, 0)	(0, 0)	(66, 27)	(66, 27)	(66, 27)	(66, 27)	(88, 28)	(88, 28)	(88, 28)	(88, 28)	(88, 28)	(88, 28)	(88, 28)	(88, 28)	(1610, 806)	(1610, 806)	(1610, 806)	(1610, 806)	(1610, 806)	(1610, 806)	(1610, 806)	(1610, 806)	(1610, 806)	(1610, 806)	(1610, 806)	(1610, 806)	(1610, 806)	(1610, 806)	(1610, 806)	(1610, 806)	(1610, 806)	(1610, 806)	(1610, 806)	(1610, 806)	(1610, 806)	(1610, 806)	(1610, 806)	(1610, 806)	(1610, 806)	(1610, 806)	(1610, 806)	(1610, 806)	(1610, 806)	(1610, 806)	(1610, 806)	(1610, 806)	(2130, 711)	(2130, 711)	(2130, 711)	(2130, 711)	(2130, 711)	(2130, 711)	(2130, 711)	(2130, 711)	(2130, 711)	(2130, 711)	(2130, 711)	(2130, 711)	(2130, 711)	(2130, 711)	(2130, 711)	(2130, 711)	(2130, 711)	
(0, 0)	(0, 0)	(0, 0)	(0, 0)	(0, 0)	(0, 0)	(0, 0)	(0, 0)	(0, 0)	(0, 0)	(0, 0)	(0, 0)	(0, 0)	(0, 0)	(0, 0)	(0, 0)	(0, 0)	(0, 0)	(0, 0)	(0, 0)	(0, 0)	(0, 0)	(0, 0)	(0, 0)	(0, 0)	(0, 0)	(0, 0)	(0, 0)	(0, 0)	(0, 0)	(0, 0)	(0, 0)	(0, 0)	(0, 0)	(0, 0)	(0, 0)	(0, 0)	(0, 0)	(0, 0)	(66, 27)	(66, 27)	(66, 27)	(66, 27)	(88, 28)	(88, 28)	(88, 28)	(88, 28)	(88, 28)	(88, 28)	(88, 28)	(88, 28)	(1610, 806)	(1610, 806)	(1610, 806)	(1610, 806)	(1610, 806)	(1610, 806)	(1610, 806)	(1610, 806)	(1610, 806)	(1610, 806)	(1610, 806)	(1610, 806)	(1610, 806)	(1610, 806)	(1610, 806)	(1610, 806)	(1610, 806)	(1610, 806)	(1610, 806)	(1610, 806)	(1610, 806)	(1610, 806)	(1610, 806)	(1610, 806)	(1610, 806)	(1610, 806)	(1610, 806)	(1610, 806)	(1610, 806)	(1610, 806)	(1610, 806)	(1610, 806)	(2130, 711)	(2130, 711)	(2130, 711)	(2130, 711)	(2130, 711)	(2130, 711)	(2130, 711)	(2130, 711)	(2130, 711)	(2130, 711)	(2130, 711)	(2130, 711)	(2130, 711)	(2130, 711)	(2130, 711)	(2130, 711)	(2130, 711)	
(0, 0)	(0, 0)	(0, 0)	(0, 0)	(0, 0)	(0, 0)	(0, 0)	(0, 0)	(0, 0)	(0, 0)	(0, 0)	(0, 0)	(0, 0)	(0, 0)	(0, 0)	(0, 0)	(0, 0)	(0, 0)	(0, 0)	(0, 0)	(0, 0)	(0, 0)	(0, 0)	(0, 0)	(0, 0)	(0, 0)	(0, 0)	(0, 0)	(0, 0)	(0, 0)	(0, 0)	(0, 0)	(0, 0)	(0, 0)	(0, 0)	(0, 0)	(0, 0)	(0, 0)	(0, 0)	(66, 27)	(66, 27)	(66, 27)	(66, 27)	(88, 28)	(88, 28)	(88, 28)	(88, 28)	(88, 28)	(88, 28)	(88, 28)	(88, 28)	(1610, 806)	(1610, 806)	(1610, 806)	(1610, 806)	(1610, 806)	(1610, 806)	(1610, 806)	(1610, 806)	(1610, 806)	(1610, 806)	(1610, 806)	(1610, 806)	(1610, 806)	(1610, 806)	(1610, 806)	(1610, 806)	(1610, 806)	(1610, 806)	(1610, 806)	(1610, 806)	(1610, 806)	(1610, 806)	(1610, 806)	(1610, 806)	(1610, 806)	(1610, 806)	(1610, 806)	(1610, 806)	(1610, 806)	(1610, 806)	(1610, 806)	(1610, 806)	(2130, 711)	(2130, 711)	(2130, 711)	(2130, 711)	(2130, 711)	(2130, 711)	(2130, 711)	(2130, 711)	(2130, 711)	(2130, 711)	(2130, 711)	(2130, 711)	(2130, 711)	(2130, 711)	(2130, 711)	(2130, 711)	(2130, 711)	
(0, 0)	(0, 0)	(0, 0)	(0, 0)	(0, 0)	(0, 0)	(0, 0)	(0, 0)	(0, 0)	(0, 0)	(0, 0)	(0, 0)	(0, 0)	(0, 0)	(0, 0)	(0, 0)	(0, 0)	(0, 0)	(0, 0)	(0, 0)	(0, 0)	(0, 0)	(0, 0)	(0, 0)	(0, 0)	(0, 0)	(0, 0)	(0, 0)	(0, 0)	(0, 0)	(0, 0)	(0, 0)	(0, 0)	(0, 0)	(0, 0)	(0, 0)	(0, 0)	(0, 0)	(0, 0)	(66, 27)	(66, 27)	(66, 27)	(66, 27)	(88, 28)	(88, 28)	(88, 28)	(88, 28)	(88, 28)	(88, 28)	(88, 28)	(88, 28)	(1610, 806)	(1610, 806)	(1610, 806)	(1610, 806)	(1610, 806)	(1610, 806)	(1610, 806)	(1610, 806)	(1610, 806)	(1610, 806)	(1610, 806)	(1610, 806)	(1610, 806)	(1610, 806)	(1610, 806)	(1610, 806)	(1610, 806)	(1610, 806)	(1610, 806)	(1610, 806)	(1610, 806)	(1610, 806)	(1610, 806)	(1610, 806)	(1610, 806)	(1610, 806)	(1610, 806)	(1610, 806)	(1610, 806)	(1610, 806)	(1610, 806)	(1610, 806)	(2130, 711)	(2130, 711)	(2130, 711)	(2130, 711)	(2130, 711)	(2130, 711)	(2130, 711)	(2130, 711)	(2130, 711)	(2130, 711)	(2130, 711)	(2130, 711)	(2130, 711)	(2130, 711)	(2130, 711)	(2130, 711)	(2130, 711)	
(0, 0)	(0, 0)	(0, 0)	(0, 0)	(0, 0)	(0, 0)	(0, 0)	(0, 0)	(0, 0)	(0, 0)	(0, 0)	(0, 0)	(0, 0)	(0, 0)	(0, 0)	(0, 0)	(0, 0)	(0, 0)	(0, 0)	(0, 0)	(0, 0)	(0, 0)	(0, 0)	(0, 0)	(0, 0)	(0, 0)	(0, 0)	(0, 0)	(0, 0)	(0, 0)	(0, 0)	(0, 0)	(0, 0)	(0, 0)	(0, 0)	(0, 0)	(0, 0)	(0, 0)	(0, 0)	(66, 27)	(66, 27)	(66, 27)	(66, 27)	(88, 28)	(88, 28)	(88, 28)	(88, 28)	(88, 28)	(88, 28)	(88, 28)	(88, 28)	(1610, 806)	(1610, 806)	(1610, 806)	(1610, 806)	(1610, 806)	(1610, 806)	(1610, 806)	(1610, 806)	(1610, 806)	(1610, 806)	(1610, 806)	(1610, 806)	(1610, 806)	(1610, 806)	(1610, 806)	(1610, 806)	(1610, 806)	(1610, 806)	(1610, 806)	(1610, 806)	(1610, 806)	(1610, 806)	(1610, 806)	(1610, 806)	(1610, 806)	(1610, 806)	(1610, 806)	(1610, 806)	(1610, 806)	(1610, 806)	(1610, 806)	(1610, 806)	(2130, 711)	(2130, 711)	(2130, 711)	(2130, 711)	(2130, 711)	(2130, 711)	(2130, 711)	(2130, 711)	(2130, 711)	(2130, 711)	(2130, 711)	(2130, 711)	(2130, 711)	(2130, 711)	(2130, 711)	(2130, 711)	(2130, 711)	
(0, 0)	(0, 0)	(0, 0)	(0, 0)	(0, 0)	(0, 0)	(0, 0)	(0, 0)	(0, 0)	(0, 0)	(0, 0)	(0, 0)	(0, 0)	(0, 0)	(0, 0)	(0, 0)	(0, 0)	(0, 0)	(0, 0)	(0, 0)	(0, 0)	(0, 0)	(0, 0)	(0, 0)	(0, 0)	(0, 0)	(0, 0)	(0, 0)	(0, 0)	(0, 0)	(0, 0)	(0, 0)	(0, 0)	(0, 0)	(0, 0)	(0, 0)	(0, 0)	(0, 0)	(0, 0)	(66, 27)	(66, 27)	(66, 27)	(66, 27)	(88, 28)	(88, 28)	(88, 28)	(88, 28)	(88, 28)	(88, 28)	(88, 28)	(88, 28)	(1610, 806)	(1610, 806)	(1610, 806)	(1610, 806)	(1610, 806)	(1610, 806)	(1610, 806)	(1610, 806)	(1610, 806)	(1610, 806)	(1610, 806)	(1610, 806)	(1610, 806)	(1610, 806)	(1610, 806)	(1610, 806)	(1610, 806)	(1610, 806)	(1610, 806)	(1610, 806)	(1610, 806)	(1610, 806)	(1610, 806)	(1610, 806)	(1610, 806)	(1610, 806)	(1610, 806)	(1610, 806)	(1610, 806)	(1610, 806)	(1610, 806)	(1610, 806)	(2130, 711)	(2130, 711)	(2130, 711)	(2130, 711)	(2130, 711)	(2130, 711)	(2130, 711)	(2130, 711)	(2130, 711)	(2130, 711)	(2130, 711)	(2130, 711)	(2130, 711)	(2130, 711)	(2130, 711)	(2130, 711)	(2130, 711)	
(0, 0)	(0, 0)	(0, 0)	(0, 0)	(0, 0)	(0, 0)	(0, 0)	(0, 0)	(0, 0)	(0, 0)	(0, 0)	(0, 0)	(0, 0)	(0, 0)	(0, 0)	(0, 0)	(0, 0)	(0, 0)	(0, 0)	(0, 0)	(0, 0)	(0, 0)	(0, 0)	(0, 0)	(0, 0)	(0, 0)	(0, 0)	(0, 0)	(0, 0)	(0, 0)	(0, 0)	(0, 0)	(0, 0)	(0, 0)	(0, 0)	(0, 0)	(0, 0)	(0, 0)	(0, 0)	(66, 27)	(66, 27)	(66, 27)	(66, 27)	(88, 28)	(88, 28)	(88, 28)	(88, 28)	(88, 28)	(88, 28)	(88, 28)	(88, 28)	(1610, 806)	(1610, 806)	(1610, 806)	(1610, 806)	(1610, 806)	(1610, 806)	(1610, 806)	(1610, 806)	(1610, 806)	(1610, 806)	(1610, 806)	(1610, 806)	(1610, 806)	(1610, 806)	(1610, 806)	(1610, 806)	(1610, 806)	(1610, 806)	(1610, 806)	(1610, 806)	(1610, 806)	(1610, 806)	(1610, 806)	(1610, 806)	(1610, 806)	(1610, 806)	(1610, 806)	(1610, 806)	(1610, 806)	(1610, 806)	(1610, 806)	(1610, 806)	(2130, 711)	(2130, 711)	(2130, 711)	(2130, 711)	(2130, 711)	(2130, 711)	(2130, 711)	(2130, 711)	(2130, 711)	(2130, 711)	(2130, 711)	(2130, 711)	(2130, 711)	(2130, 711)	(2130, 711)	(2130, 711)	(2130, 711)	
(0, 0)	(0, 0)	(0, 0)	(0, 0)	(0, 0)	(0, 0)	(0, 0)	(0, 0)	(0, 0)	(0, 0)	(0, 0)	(0, 0)	(0, 0)	(0, 0)	(0, 0)	(0, 0)	(0, 0)	(0, 0)	(0, 0)	(0, 0)	(0, 0)	(0, 0)	(0, 0)	(0, 0)	(0, 0)	(0, 0)	(0, 0)	(0, 0)	(0, 0)	(0, 0)	(0, 0)	(0, 0)	(0, 0)	(0, 0)	(0, 0)	(0, 0)	(0, 0)	(0, 0)	(0, 0)	(66, 27)	(66, 27)	(66, 27)	(66, 27)	(88, 28)	(88, 28)	(88, 28)	(88, 28)	(88, 28)	(88, 28)	(88, 28)	(88, 28)	(1610, 806)	(1610, 806)	(1610, 806)	(1610, 806)	(1610, 806)	(1610, 806)	(1610, 806)	(1610, 806)	(1610, 806)	(1610, 806)	(1610, 806)	(1610, 806)	(1610, 806)	(1610, 806)	(1610, 806)	(1610, 806)	(1610, 806)	(1610, 806)	(1610, 806)	(1610, 806)	(1610, 806)	(1610, 806)	(1610, 806)	(1610, 806)	(1610, 806)	(1610, 806)	(1610, 806)	(1610, 806)	(1610, 806)	(1610, 806)	(1610, 806)	(1610, 806)	(2130, 711)	(2130, 711)	(2130, 711)	(2130, 711)	(2130, 711)	(2130, 711)	(2130, 711)	(2130, 711)	(2130, 711)	(2130, 711)	(2130, 711)	(2130, 711)	(2130, 711)	(2130, 711)	(2130, 711)	(2130, 711)	(2130, 711)	
(0, 0)	(0, 0)	(0, 0)	(0, 0)	(0, 0)	(0, 0)	(0, 0)	(0, 0)	(0, 0)	(0, 0)	(0, 0)	(0, 0)	(0, 0)	(0, 0)	(0, 0)	(0, 0)	(0, 0)	(0, 0)	(0, 0)	(0, 0)	(0, 0)	(0, 0)	(0, 0)	(0, 0)	(0, 0)	(0, 0)	(0, 0)	(0, 0)	(0, 0)	(0, 0)	(0, 0)	(0, 0)	(0, 0)	(0, 0)	(0, 0)	(0, 0)	(0, 0)	(0, 0)	(0, 0)	(66, 27)	(66, 27)	(66, 27)	(66, 27)	(88, 28)	(88, 28)	(88, 28)	(88, 28)	(88, 28)	(88, 28)	(88, 28)	(88, 28)	(1610, 806)	(1610, 806)	(1610, 806)	(1610, 806)	(1610, 806)	(1610, 806)	(1610, 806)	(1610, 806)	(1610, 806)	(1610, 806)	(1610, 806)	(1610, 806)	(1610, 806)	(1610, 806)	(1610, 806)	(1610, 806)	(1610, 806)	(1610, 806)	(1610, 806)	(1610, 806)	(1610, 806)	(1610, 806)	(1610, 806)	(1610, 806)	(1610, 806)	(1610, 806)	(1610, 806)	(1610, 806)	(1610, 806)	(1610, 806)	(1610, 806)	(1610, 806)	(2130, 711)	(2130, 711)	(2130, 711)	(2130, 711)	(2130, 711)	(2130, 711)	(2130, 711)	(2130, 711)	(2130, 711)	(2130, 711)	(2130, 711)	(2130, 711)	(2130, 711)	(2130, 711)	(2130, 711)	(2130, 711)	(2130, 711)	
(0, 0)	(0, 0)	(0, 0)	(0, 0)	(0, 0)	(0, 0)	(0, 0)	(0, 0)	(0, 0)	(0, 0)	(0, 0)	(0, 0)	(0, 0)	(0, 0)	(0, 0)	(0, 0)	(0, 0)	(0, 0)	(0, 0)	(0, 0)	(0, 0)	(0, 0)	(0, 0)	(0, 0)	(0, 0)	(0, 0)	(0, 0)	(0, 0)	(0, 0)	(0, 0)	(0, 0)	(0, 0)	(0, 0)	(0, 0)	(0, 0)	(0, 0)	(0, 0)	(0, 0)	(0, 0)	(66, 27)	(66, 27)	(66, 27)	(66, 27)	(88, 28)	(88, 28)	(88, 28)	(88, 28)	(88, 28)	(88, 28)	(88, 28)	(88, 28)	(1610, 806)	(1610, 806)	(1610, 806)	(1610, 806)	(1610, 806)	(1610, 806)	(1610, 806)	(1610, 806)	(1610, 806)	(1610, 806)	(1610, 806)	(1610, 806)	(1610, 806)	(1610, 806)	(1610, 806)	(1610, 806)	(1610, 806)	(1610, 806)	(1610, 806)	(1610, 806)	(1610, 806)	(1610, 806)	(1610, 806)	(1610, 806)	(1610, 806)	(1610, 806)	(1610, 806)	(1610, 806)	(1610, 806)	(1610, 806)	(1610, 806)	(1610, 806)	(2130, 711)	(2130, 711)	(2130, 711)	(2130, 711)	(2130, 711)	(2130, 711)	(2130, 711)	(2130, 711)	(2130, 711)	(2130, 711)	(2130, 711)	(2130, 711)	(2130, 711)	(2130, 711)	(2130, 711)	(2130, 711)	(2130, 711)	
(0, 0)	(0, 0)	(0, 0)	(0, 0)	(0, 0)	(0, 0)	(0, 0)	(0, 0)	(0, 0)	(0, 0)	(0, 0)	(0, 0)	(0, 0)	(0, 0)	(0, 0)	(0, 0)	(0, 0)	(0, 0)	(0, 0)	(0, 0)	(0, 0)	(0, 0)	(0, 0)	(0, 0)	(0, 0)	(0, 0)	(0, 0)	(0, 0)	(0, 0)	(0, 0)	(0, 0)	(0, 0)	(0, 0)	(0, 0)	(0, 0)	(0, 0)	(0, 0)	(0, 0)	(0, 0)	(66, 27)	(66, 27)	(66, 27)	(66, 27)	(88, 28)	(88, 28)	(88, 28)	(88, 28)	(88, 28)	(88, 28)	(88, 28)	(88, 28)	(1610, 806)	(1610, 806)	(1610, 806)	(1610, 806)	(1610, 806)	(1610, 806)	(1610, 806)	(1610, 806)	(1610, 806)	(1610, 806)	(1610, 806)	(1610, 806)	(1610, 806)	(1610, 806)	(1610, 806)	(1610, 806)	(1610, 806)	(1610, 806)	(1610, 806)	(1610, 806)	(1610, 806)	(1610, 806)	(1610, 806)	(1610, 806)	(1610, 806)	(1610, 806)	(1610, 806)	(1610, 806)	(1610, 806)	(1610, 806)	(1610, 806)	(1610, 806)	(2130, 711)	(2130, 711)	(2130, 711)	(2130, 711)	(2130, 711)	(2130, 711)	(2130, 711)	(2130, 711)	(2130, 711)	(2130, 711)	(2130, 711)	(2130, 711)	(2130, 711)	(2130, 711)	(2130, 711)	(2130, 711)	(2130, 711)	
(0, 0)	(0, 0)	(0, 0)	(0, 0)	(0, 0)	(0, 0)	(0, 0)	(0, 0)	(0, 0)	(0, 0)	(0, 0)	(0, 0)	(0, 0)	(0, 0)	(0, 0)	(0, 0)	(0, 0)	(0, 0)	(0, 0)	(0, 0)	(0, 0)	(0, 0)	(0, 0)	(0, 0)	(0, 0)	(0, 0)	(0, 0)	(0, 0)	(0, 0)	(0, 0)	(0, 0)	(0, 0)	(0, 0)	(0, 0)	(0, 0)	(0, 0)	(0, 0)	(0, 0)	(0, 0)	(66, 27)	(66, 27)	(66, 27)	(66, 27)	(88, 28)	(88, 28)	(88, 28)	(88, 28)	(88, 28)	(88, 28)	(88, 28)	(88, 28)	(1610, 806)	(1610, 806)	(1610, 806)	(1610, 806)	(1610, 806)	(1610, 806)	(1610, 806)	(1610, 806)	(1610, 806)	(1610, 806)	(1610, 806)	(1610, 806)	(1610, 806)	(1610, 806)	(1610, 806)	(1610, 806)	(1610, 806)	(1610, 806)	(1610, 806)	(1610, 806)	(1610, 806)	(1610, 806)	(1610, 806)	(1610, 806)	(1610, 806)	(1610, 806)	(1610, 806)	(1610, 806)	(1610, 806)	(1610, 806)	(1610, 806)	(1610, 806)	(2130, 711)	(2130, 711)	(2130, 711)	(2130, 711)	(2130, 711)	(2130, 711)	(2130, 711)	(2130, 711)	(2130, 711)	(2130, 711)	(2130, 711)	(2130, 711)	(2130, 711)	(2130, 711)	(2130, 711)	(2130, 711)	(2130, 711)	
(0, 0)	(0, 0)	(0, 0)	(0, 0)	(0, 0)	(0, 0)	(0, 0)	(0, 0)	(0, 0)	(0, 0)	(0, 0)	(0, 0)	(0, 0)	(0, 0)	(0, 0)	(0, 0)	(0, 0)	(0, 0)	(0, 0)	(0, 0)	(0, 0)	(0, 0)	(0, 0)	(0, 0)	(0, 0)	(0, 0)	(0, 0)	(0, 0)	(0, 0)	(0, 0)	(0, 0)	(0, 0)	(0, 0)	(0, 0)	(0, 0)	(0, 0)	(0, 0)	(0, 0)	(0, 0)	(66, 27)	(66, 27)	(66, 27)	(66, 27)	(88, 28)	(88, 28)	(88, 28)	(88, 28)	(88, 28)	(88, 28)	(88, 28)	(88, 28)	(1610, 806)	(1610, 806)	(1610, 806)	(1610, 806)	(1610, 806)	(1610, 806)	(1610, 806)	(1610, 806)	(1610, 806)	(1610, 806)	(1610, 806)	(1610, 806)	(1610, 806)	(1610, 806)	(1610, 806)	(1610, 806)	(1610, 806)	(1610, 806)	(1610, 806)	(1610, 806)	(1610, 806)	(1610, 806)	(1610, 806)	(1610, 806)	(1610, 806)	(1610, 806)	(1610, 806)	(1610, 806)	(1610, 806)	(1610, 806)	(1610, 806)	(1610, 806)	(2130, 711)	(2130, 711)	(2130, 711)	(2130, 711)	(2130, 711)	(2130, 711)	(2130, 711)	(2130, 711)	(2130, 711)	(2130, 711)	(2130, 711)	(2130, 711)	(2130, 711)	(2130, 711)	(2130, 711)	(2130, 711)	(2130, 711)	
(0, 0)	(0, 0)	(0, 0)	(0, 0)	(0, 0)	(0, 0)	(0, 0)	(0, 0)	(0, 0)	(0, 0)	(0, 0)	(0, 0)	(0, 0)	(0, 0)	(0, 0)	(0, 0)	(0, 0)	(0, 0)	(0, 0)	(0, 0)	(0, 0)	(0, 0)	(0, 0)	(0, 0)	(0, 0)	(0, 0)	(0, 0)	(0, 0)	(0, 0)	(0, 0)	(0, 0)	(0, 0)	(0, 0)	(0, 0)	(0, 0)	(0, 0)	(0, 0)	(0, 0)	(0, 0)	(66, 27)	(66, 27)	(66, 27)	(66, 27)	(88, 28)	(88, 28)	(88, 28)	(88, 28)	(88, 28)	(88, 28)	(88, 28)	(88, 28)	(1610, 806)	(1610, 806)	(1610, 806)	(1610, 806)	(1610, 806)	(1610, 806)	(1610, 806)	(1610, 806)	(1610, 806)	(1610, 806)	(1610, 806)	(1610, 806)	(1610, 806)	(1610, 806)	(1610, 806)	(1610, 806)	(1610, 806)	(1610, 806)	(1610, 806)	(1610, 806)	(1610, 806)	(1610, 806)	(1610, 806)	(1610, 806)	(1610, 806)	(1610, 806)	(1610, 806)	(1610, 806)	(1610, 806)	(1610, 806)	(1610, 806)	(1610, 806)	(2130, 711)	(2130, 711)	(2130, 711)	(2130, 711)	(2130, 711)	(2130, 711)	(2130, 711)	(2130, 711)	(2130, 711)	(2130, 711)	(2130, 711)	(2130, 711)	(2130, 711)	(2130, 711)	(2130, 711)	(2130, 711)	(2130, 711)	
(0, 0)	(0, 0)	(0, 0)	(0, 0)	(0, 0)	(0, 0)	(0, 0)	(0, 0)	(0, 0)	(0, 0)	(0, 0)	(0, 0)	(0, 0)	(0, 0)	(0, 0)	(0, 0)	(0, 0)	(0, 0)	(0, 0)	(0, 0)	(0, 0)	(0, 0)	(0, 0)	(0, 0)	(0, 0)	(0, 0)	(0, 0)	(0, 0)	(0, 0)	(0, 0)	(0, 0)	(0, 0)	(0, 0)	(0, 0)	(0, 0)	(0, 0)	(0, 0)	(0, 0)	(0, 0)	(66, 27)	(66, 27)	(66, 27)	(66, 27)	(88, 28)	(88, 28)	(88, 28)	(88, 28)	(88, 28)	(88, 28)	(88, 28)	(88, 28)	(1610, 806)	(1610, 806)	(1610, 806)	(1610, 806)	(1610, 806)	(1610, 806)	(1610, 806)	(1610, 806)	(1610, 806)	(1610, 806)	(1610, 806)	(1610, 806)	(1610, 806)	(1610, 806)	(1610, 806)	(1610, 806)	(1610, 806)	(1610, 806)	(1610, 806)	(1610, 806)	(1610, 806)	(1610, 806)	(1610, 806)	(1610, 806)	(1610, 806)	(1610, 806)	(1610, 806)	(1610, 806)	(1610, 806)	(1610, 806)	(1610, 806)	(1610, 806)	(2130, 711)	(2130, 711)	(2130, 711)	(2130, 711)	(2130, 711)	(2130, 711)	(2130, 711)	(2130, 711)	(2130, 711)	(2130, 711)	(2130, 711)	(2130, 711)	(2130, 711)	(2130, 711)	(2130, 711)	(2130, 711)	(2130, 711)	
(0, 0)	(0, 0)	(0, 0)	(0, 0)	(0, 0)	(0, 0)	(0, 0)	(0, 0)	(0, 0)	(0, 0)	(0, 0)	(0, 0)	(0, 0)	(0, 0)	(0, 0)	(0, 0)	(0, 0)	(0, 0)	(0, 0)	(0, 0)	(0, 0)	(0, 0)	(0, 0)	(0, 0)	(0, 0)	(0, 0)	(0, 0)	(0, 0)	(0, 0)	(0, 0)	(0, 0)	(0, 0)	(0, 0)	(0, 0)	(0, 0)	(0, 0)	(0, 0)	(0, 0)	(0, 0)	(66, 27)	(66, 27)	(66, 27)	(66, 27)	(88, 28)	(88, 28)	(88, 28)	(88, 28)	(88, 28)	(88, 28)	(88, 28)	(88, 28)	(1610, 806)	(1610, 806)	(1610, 806)	(1610, 806)	(1610, 806)	(1610, 806)	(1610, 806)	(1610, 806)	(1610, 806)	(1610, 806)	(1610, 806)	(1610, 806)	(1610, 806)	(1610, 806)	(1610, 806)	(1610, 806)	(1610, 806)	(1610, 806)	(1610, 806)	(1610, 806)	(1610, 806)	(1610, 806)	(1610, 806)	(1610, 806)	(1610, 806)	(1610, 806)	(1610, 806)	(1610, 806)	(1610, 806)	(1610, 806)	(1610, 806)	(1610, 806)	(2130, 711)	(2130, 711)	(2130, 711)	(2130, 711)	(2130, 711)	(2130, 711)	(2130, 711)	(2130, 711)	(2130, 711)	(2130, 711)	(2130, 711)	(2130, 711)	(2130, 711)	(2130, 711)	(2130, 711)	(2130, 711)	(2130, 711)	
(0, 0)	(0, 0)	(0, 0)	(0, 0)	(0, 0)	(0, 0)	(0, 0)	(0, 0)	(0, 0)	(0, 0)	(0, 0)	(0, 0)	(0, 0)	(0, 0)	(0, 0)	(0, 0)	(0, 0)	(0, 0)	(0, 0)	(0, 0)	(0, 0)	(0, 0)	(0, 0)	(666, 673)	(666, 673)	(666, 673)	(666, 673)	(666, 673)	(666, 673)	(666, 673)	(666, 673)	(666, 673)	(666, 673)	(666, 673)	(666, 673)	(666, 673)	(666, 673)	(666, 673)	(666, 673)	(666, 673)	(666, 673)	(666, 673)	(666, 673)	(666, 673)	(666, 673)	(666, 673)	(666, 673)	(666, 673)	(666, 673)	(666, 673)	(666, 673)	(1610, 806)	(1610, 806)	(1610, 806)	(1610, 806)	(1610, 806)	(1610, 806)	(1610, 806)	(1610, 806)	(1610, 806)	(1610, 806)	(1610, 806)	(1610, 806)	(1610, 806)	(1610, 806)	(1610, 806)	(1610, 806)	(1610, 806)	(1610, 806)	(1610, 806)	(1610, 806)	(1610, 806)	(1610, 806)	(1610, 806)	(1610, 806)	(1610, 806)	(1610, 806)	(1610, 806)	(1610, 806)	(1610, 806)	(1610, 806)	(1610, 806)	(1610, 806)	(2130, 711)	(2130, 711)	(2130, 711)	(2130, 711)	(2130, 711)	(2130, 711)	(2130, 711)	(2130, 711)	(2130, 711)	(2130, 711)	(2130, 711)	(2130, 711)	(2130, 711)	(2130, 711)	(2130, 711)	(2130, 711)	(2130, 711)	
(0, 0)	(0, 0)	(0, 0)	(0, 0)	(0, 0)	(0, 0)	(0, 0)	(0, 0)	(0, 0)	(0, 0)	(0, 0)	(0, 0)	(0, 0)	(0, 0)	(0, 0)	(0, 0)	(0, 0)	(0, 0)	(0, 0)	(0, 0)	(0, 0)	(0, 0)	(0, 0)	(666, 673)	(666, 673)	(666, 673)	(666, 673)	(666, 673)	(666, 673)	(666, 673)	(666, 673)	(666, 673)	(666, 673)	(666, 673)	(666, 673)	(666, 673)	(666, 673)	(666, 673)	(666, 673)	(666, 673)	(666, 673)	(666, 673)	(666, 673)	(666, 673)	(666, 673)	(666, 673)	(666, 673)	(666, 673)	(666, 673)	(666, 673)	(666, 673)	(1610, 806)	(1610, 806)	(1610, 806)	(1610, 806)	(1610, 806)	(1610, 806)	(1610, 806)	(1610, 806)	(1610, 806)	(1610, 806)	(1610, 806)	(1610, 806)	(1610, 806)	(1610, 806)	(1610, 806)	(1610, 806)	(1610, 806)	(1610, 806)	(1610, 806)	(1610, 806)	(1610, 806)	(1610, 806)	(1610, 806)	(1610, 806)	(1610, 806)	(1610, 806)	(1610, 806)	(1610, 806)	(1610, 806)	(1610, 806)	(1610, 806)	(1610, 806)	(2130, 711)	(2130, 711)	(2130, 711)	(2130, 711)	(2130, 711)	(2130, 711)	(2130, 711)	(2130, 711)	(2130, 711)	(2130, 711)	(2130, 711)	(2130, 711)	(2130, 711)	(2130, 711)	(2130, 711)	(2130, 711)	(2130, 711)	
(0, 0)	(0, 0)	(0, 0)	(0, 0)	(0, 0)	(0, 0)	(0, 0)	(0, 0)	(0, 0)	(0, 0)	(0, 0)	(0, 0)	(0, 0)	(0, 0)	(0, 0)	(0, 0)	(0, 0)	(0, 0)	(0, 0)	(0, 0)	(0, 0)	(0, 0)	(0, 0)	(666, 673)	(666, 673)	(666, 673)	(666, 673)	(666, 673)	(666, 673)	(666, 673)	(666, 673)	(666, 673)	(666, 673)	(666, 673)	(666, 673)	(666, 673)	(666, 673)	(666, 673)	(666, 673)	(666, 673)	(666, 673)	(666, 673)	(666, 673)	(666, 673)	(666, 673)	(666, 673)	(666, 673)	(666, 673)	(666, 673)	(666, 673)	(666, 673)	(1610, 806)	(1610, 806)	(1610, 806)	(1610, 806)	(1610, 806)	(1610, 806)	(1610, 806)	(1610, 806)	(1610, 806)	(1610, 806)	(1610, 806)	(1610, 806)	(1610, 806)	(1610, 806)	(1610, 806)	(1610, 806)	(1610, 806)	(1610, 806)	(1610, 806)	(1610, 806)	(1610, 806)	(1610, 806)	(1610, 806)	(1610, 806)	(1610, 806)	(1610, 806)	(1610, 806)	(1610, 806)	(1610, 806)	(1610, 806)	(1610, 806)	(1610, 806)	(2130, 711)	(2130, 711)	(2130, 711)	(2130, 711)	(2130, 711)	(2130, 711)	(2130, 711)	(2130, 711)	(2130, 711)	(2130, 711)	(2130, 711)	(2130, 711)	(2130, 711)	(2130, 711)	(2130, 711)	(2130, 711)	(2130, 711)	
(0, 0)	(0, 0)	(0, 0)	(0, 0)	(0, 0)	(0, 0)	(0, 0)	(0, 0)	(0, 0)	(0, 0)	(0, 0)	(0, 0)	(0, 0)	(0, 0)	(0, 0)	(0, 0)	(0, 0)	(0, 0)	(0, 0)	(0, 0)	(0, 0)	(0, 0)	(0, 0)	(666, 673)	(666, 673)	(666, 673)	(666, 673)	(666, 673)	(666, 673)	(666, 673)	(666, 673)	(666, 673)	(666, 673)	(666, 673)	(666, 673)	(666, 673)	(666, 673)	(666, 673)	(666, 673)	(666, 673)	(666, 673)	(666, 673)	(666, 673)	(666, 673)	(666, 673)	(666, 673)	(666, 673)	(666, 673)	(666, 673)	(666, 673)	(666, 673)	(1610, 806)	(1610, 806)	(1610, 806)	(1610, 806)	(1610, 806)	(1610, 806)	(1610, 806)	(1610, 806)	(1610, 806)	(1610, 806)	(1610, 806)	(1610, 806)	(1610, 806)	(1610, 806)	(1610, 806)	(1610, 806)	(1610, 806)	(1610, 806)	(1610, 806)	(1610, 806)	(1610, 806)	(1610, 806)	(1610, 806)	(1610, 806)	(1610, 806)	(1610, 806)	(1610, 806)	(1610, 806)	(1610, 806)	(1610, 806)	(1610, 806)	(1610, 806)	(2130, 711)	(2130, 711)	(2130, 711)	(2130, 711)	(2130, 711)	(2130, 711)	(2130, 711)	(2130, 711)	(2130, 711)	(2130, 711)	(2130, 711)	(2130, 711)	(2130, 711)	(2130, 711)	(2130, 711)	(2130, 711)	(2130, 711)	
(0, 0)	(0, 0)	(0, 0)	(0, 0)	(0, 0)	(0, 0)	(0, 0)	(0, 0)	(0, 0)	(0, 0)	(0, 0)	(0, 0)	(0, 0)	(0, 0)	(0, 0)	(0, 0)	(0, 0)	(0, 0)	(0, 0)	(0, 0)	(0, 0)	(0, 0)	(0, 0)	(666, 673)	(666, 673)	(666, 673)	(666, 673)	(666, 673)	(666, 673)	(666, 673)	(666, 673)	(666, 673)	(666, 673)	(666, 673)	(666, 673)	(666, 673)	(666, 673)	(666, 673)	(666, 673)	(666, 673)	(666, 673)	(666, 673)	(666, 673)	(666, 673)	(666, 673)	(666, 673)	(666, 673)	(666, 673)	(666, 673)	(666, 673)	(666, 673)	(1610, 806)	(1610, 806)	(1610, 806)	(1610, 806)	(1610, 806)	(1610, 806)	(1610, 806)	(1610, 806)	(1610, 806)	(1610, 806)	(1610, 806)	(1610, 806)	(1610, 806)	(1610, 806)	(1610, 806)	(1610, 806)	(1610, 806)	(1610, 806)	(1610, 806)	(1610, 806)	(1610, 806)	(1610, 806)	(1610, 806)	(1610, 806)	(1610, 806)	(1610, 806)	(1610, 806)	(1610, 806)	(1610, 806)	(1610, 806)	(1610, 806)	(1610, 806)	(2130, 711)	(2130, 711)	(2130, 711)	(2130, 711)	(2130, 711)	(2130, 711)	(2130, 711)	(2130, 711)	(2130, 711)	(2130, 711)	(2130, 711)	(2130, 711)	(2130, 711)	(2130, 711)	(2130, 711)	(2130, 711)	(2130, 711)	
