3 6 (3, 1, 2, 7)
15 2 (3, 1, 6, 7)
12 3 (2, 1, 7, 3)
40 1 (4, 1, 11, 11)
5 0 (5, 3, 4, 15)
9 4 (3, 4, 7, 19)
28 7 (4, 7, 14, 19)
18 14 (3, 8, 14, 11)
42 8 (3, 8, 22, 15)
6 10 (3, 12, 14, 15)
8 13 (4, 13, 15, 15)
16 9 (4, 13, 17, 3)
52 5 (4, 15, 28, 7)
39 16 (3, 16, 29, 11)
12 20 (3, 18, 22, 19)
68 19 (4, 19, 36, 11)
9 12 (3, 20, 23, 3)
16 28 (4, 22, 26, 15)
6 15 (2, 23, 26, 19)
24 25 (3, 23, 31, 11)
44 11 (4, 23, 34, 15)
4 30 (4, 24, 25, 3)
6 23 (3, 25, 27, 7)
6 39 (2, 25, 28, 7)
20 17 (4, 27, 32, 15)
6 18 (3, 28, 30, 19)
28 22 (4, 28, 35, 3)
27 27 (3, 29, 38, 11)
4 24 (2, 30, 32, 11)
4 32 (2, 30, 32, 19)
48 33 (3, 31, 47, 7)
12 26 (2, 32, 38, 11)
6 31 (3, 33, 35, 3)
39 21 (3, 33, 46, 7)
4 36 (2, 34, 36, 3)
16 34 (4, 34, 38, 11)
6 37 (3, 35, 37, 3)
16 43 (4, 35, 39, 11)
30 29 (3, 35, 45, 15)
9 38 (3, 36, 39, 19)
6 51 (3, 37, 39, 3)
24 46 (3, 38, 46, 7)
3 41 (3, 41, 42, 19)
16 49 (4, 41, 45, 7)
9 53 (3, 43, 46, 3)
28 47 (4, 43, 50, 3)
27 35 (3, 43, 52, 3)
3 40 (3, 44, 45, 3)
39 56 (3, 44, 57, 15)
30 44 (3, 48, 58, 7)
3 48 (3, 50, 51, 11)
9 50 (3, 50, 53, 15)
4 45 (4, 51, 52, 15)
32 67 (4, 51, 59, 7)
9 52 (3, 52, 55, 11)
9 55 (3, 55, 58, 15)
6 54 (2, 56, 59, 3)
18 62 (2, 60, 69, 15)
33 42 (3, 60, 71, 19)
3 70 (3, 62, 63, 19)
6 68 (3, 62, 64, 15)
72 78 (4, 62, 80, 15)
12 59 (3, 63, 67, 11)
4 64 (2, 64, 66, 11)
44 69 (4, 67, 78, 11)
48 58 (3, 68, 84, 15)
6 65 (3, 69, 71, 7)
24 77 (3, 69, 77, 19)
27 63 (3, 69, 78, 7)
26 57 (2, 69, 82, 19)
12 76 (4, 70, 73, 19)
12 66 (3, 70, 74, 19)
12 60 (2, 70, 76, 15)
27 72 (3, 70, 79, 3)
9 73 (3, 71, 74, 7)
15 85 (3, 71, 76, 3)
6 75 (3, 73, 75, 7)
3 71 (3, 75, 76, 11)
45 61 (3, 75, 90, 11)
12 83 (3, 77, 81, 3)
20 74 (4, 80, 85, 3)
27 81 (3, 83, 92, 7)
6 84 (3, 84, 86, 15)
6 88 (2, 86, 89, 15)
12 82 (2, 86, 92, 7)
9 87 (3, 87, 90, 3)
27 79 (3, 87, 96, 11)
2 86 (2, 88, 89, 3)
9 90 (3, 88, 91, 7)
6 80 (3, 90, 92, 19)
21 96 (3, 92, 99, 3)
6 95 (2, 93, 96, 11)
4 91 (2, 95, 97, 7)
6 97 (2, 95, 98, 7)
18 92 (3, 96, 102, 11)
18 98 (3, 96, 102, 7)
12 93 (4, 97, 100, 7)
15 94 (3, 98, 103, 3)
24 89 (3, 103, 111, 3)
6 99 (3, 105, 107, 7)

(0, 0)	(0, 0)	(0, 0)	(0, 0)	(0, 0)	(0, 0)	(0, 0)	(0, 0)	(0, 0)	(0, 0)	(0, 0)	(0, 0)	(0, 0)	(0, 0)	(0, 0)	(0, 0)	(0, 0)	(0, 0)	(0, 0)	(0, 0)	(0, 0)	
(0, 0)	(0, 0)	(0, 0)	(0, 0)	(0, 0)	(0, 0)	(0, 0)	(3, 2)	(3, 2)	(3, 2)	(3, 2)	(3, 2)	(3, 2)	(3, 2)	(3, 2)	(3, 2)	(3, 2)	(3, 2)	(3, 2)	(3, 2)	(3, 2)	
(0, 0)	(0, 0)	(0, 0)	(0, 0)	(0, 0)	(0, 0)	(0, 0)	(15, 6)	(15, 6)	(15, 6)	(15, 6)	(15, 6)	(15, 6)	(15, 6)	(15, 6)	(15, 6)	(15, 6)	(15, 6)	(15, 6)	(15, 6)	(15, 6)	
(0, 0)	(0, 0)	(0, 0)	(12, 7)	(12, 7)	(12, 7)	(12, 7)	(15, 6)	(15, 6)	(15, 6)	(15, 6)	(15, 6)	(15, 6)	(15, 6)	(15, 6)	(15, 6)	(15, 6)	(15, 6)	(15, 6)	(15, 6)	(15, 6)	
(0, 0)	(0, 0)	(0, 0)	(12, 7)	(12, 7)	(12, 7)	(12, 7)	(15, 6)	(15, 6)	(15, 6)	(15, 6)	(40, 11)	(40, 11)	(40, 11)	(40, 11)	(40, 11)	(40, 11)	(40, 11)	(40, 11)	(40, 11)	(40, 11)	
(0, 0)	(0, 0)	(0, 0)	(12, 7)	(12, 7)	(12, 7)	(12, 7)	(15, 6)	(15, 6)	(15, 6)	(15, 6)	(40, 11)	(40, 11)	(40, 11)	(40, 11)	(40, 11)	(40, 11)	(40, 11)	(40, 11)	(40, 11)	(40, 11)	
(0, 0)	(0, 0)	(0, 0)	(12, 7)	(12, 7)	(12, 7)	(12, 7)	(15, 6)	(15, 6)	(15, 6)	(15, 6)	(40, 11)	(40, 11)	(40, 11)	(40, 11)	(40, 11)	(40, 11)	(40, 11)	(40, 11)	(40, 11)	(40, 11)	
(0, 0)	(0, 0)	(0, 0)	(12, 7)	(12, 7)	(12, 7)	(12, 7)	(15, 6)	(15, 6)	(15, 6)	(15, 6)	(40, 11)	(40, 11)	(40, 11)	(40, 11)	(40, 11)	(40, 11)	(40, 11)	(40, 11)	(40, 11)	(40, 11)	
(0, 0)	(0, 0)	(0, 0)	(12, 7)	(12, 7)	(12, 7)	(12, 7)	(15, 6)	(15, 6)	(15, 6)	(15, 6)	(40, 11)	(40, 11)	(40, 11)	(40, 11)	(40, 11)	(40, 11)	(40, 11)	(40, 11)	(40, 11)	(40, 11)	
(0, 0)	(0, 0)	(0, 0)	(12, 7)	(12, 7)	(12, 7)	(12, 7)	(15, 6)	(15, 6)	(15, 6)	(15, 6)	(40, 11)	(40, 11)	(40, 11)	(40, 11)	(42, 22)	(42, 22)	(42, 22)	(54, 22)	(54, 22)	(54, 22)	
(0, 0)	(0, 0)	(0, 0)	(12, 7)	(12, 7)	(12, 7)	(12, 7)	(15, 6)	(15, 6)	(15, 6)	(15, 6)	(40, 11)	(40, 11)	(40, 11)	(40, 11)	(42, 22)	(42, 22)	(42, 22)	(54, 22)	(54, 22)	(54, 22)	
(0, 0)	(0, 0)	(0, 0)	(12, 7)	(12, 7)	(12, 7)	(12, 7)	(15, 6)	(15, 6)	(15, 6)	(15, 6)	(40, 11)	(40, 11)	(40, 11)	(40, 11)	(42, 22)	(42, 22)	(42, 22)	(54, 22)	(54, 22)	(54, 22)	
(0, 0)	(0, 0)	(0, 0)	(16, 17)	(16, 17)	(16, 17)	(28, 17)	(28, 17)	(28, 17)	(28, 17)	(31, 17)	(40, 11)	(40, 11)	(40, 11)	(56, 17)	(56, 17)	(56, 17)	(56, 17)	(56, 17)	(56, 17)	(56, 17)	
(0, 0)	(0, 0)	(0, 0)	(16, 17)	(16, 17)	(16, 17)	(28, 17)	(52, 28)	(52, 28)	(52, 28)	(64, 28)	(64, 28)	(64, 28)	(64, 28)	(67, 28)	(67, 28)	(67, 28)	(67, 28)	(92, 28)	(92, 28)	(92, 28)	
(0, 0)	(0, 0)	(0, 0)	(16, 17)	(16, 17)	(16, 17)	(28, 17)	(52, 28)	(52, 28)	(52, 28)	(64, 28)	(64, 28)	(64, 28)	(64, 28)	(67, 28)	(67, 28)	(67, 28)	(67, 28)	(92, 28)	(92, 28)	(92, 28)	
(0, 0)	(0, 0)	(0, 0)	(16, 17)	(16, 17)	(16, 17)	(28, 17)	(52, 28)	(52, 28)	(52, 28)	(64, 28)	(64, 28)	(64, 28)	(64, 28)	(67, 28)	(67, 28)	(67, 28)	(67, 28)	(92, 28)	(92, 28)	(92, 28)	
(0, 0)	(0, 0)	(0, 0)	(16, 17)	(16, 17)	(16, 17)	(28, 17)	(52, 28)	(52, 28)	(52, 28)	(64, 28)	(68, 36)	(68, 36)	(68, 36)	(84, 36)	(84, 36)	(84, 36)	(96, 36)	(96, 36)	(96, 36)	(96, 36)	
(0, 0)	(0, 0)	(0, 0)	(16, 17)	(16, 17)	(16, 17)	(28, 17)	(52, 28)	(52, 28)	(52, 28)	(64, 28)	(68, 36)	(68, 36)	(68, 36)	(84, 36)	(84, 36)	(84, 36)	(96, 36)	(96, 36)	(96, 36)	(96, 36)	
(0, 0)	(0, 0)	(0, 0)	(16, 17)	(16, 17)	(16, 17)	(28, 17)	(52, 28)	(52, 28)	(52, 28)	(64, 28)	(68, 36)	(68, 36)	(68, 36)	(84, 36)	(84, 36)	(84, 36)	(96, 36)	(96, 36)	(96, 36)	(96, 36)	
(0, 0)	(0, 0)	(0, 0)	(16, 17)	(16, 17)	(16, 17)	(28, 17)	(52, 28)	(52, 28)	(52, 28)	(64, 28)	(68, 36)	(68, 36)	(68, 36)	(84, 36)	(84, 36)	(84, 36)	(96, 36)	(96, 36)	(96, 36)	(96, 36)	
(0, 0)	(0, 0)	(0, 0)	(16, 17)	(16, 17)	(16, 17)	(28, 17)	(52, 28)	(52, 28)	(52, 28)	(64, 28)	(68, 36)	(68, 36)	(68, 36)	(84, 36)	(84, 36)	(84, 36)	(96, 36)	(96, 36)	(96, 36)	(96, 36)	
(0, 0)	(0, 0)	(0, 0)	(16, 17)	(16, 17)	(16, 17)	(28, 17)	(52, 28)	(52, 28)	(52, 28)	(64, 28)	(68, 36)	(68, 36)	(68, 36)	(84, 36)	(84, 36)	(84, 36)	(96, 36)	(96, 36)	(96, 36)	(96, 36)	
(0, 0)	(0, 0)	(0, 0)	(16, 17)	(16, 17)	(16, 17)	(28, 17)	(52, 28)	(52, 28)	(52, 28)	(64, 28)	(68, 36)	(68, 36)	(68, 36)	(84, 36)	(84, 36)	(84, 36)	(96, 36)	(96, 36)	(96, 36)	(96, 36)	
(0, 0)	(0, 0)	(0, 0)	(16, 17)	(16, 17)	(16, 17)	(28, 17)	(52, 28)	(52, 28)	(52, 28)	(64, 28)	(68, 36)	(68, 36)	(68, 36)	(84, 36)	(84, 36)	(84, 36)	(96, 36)	(96, 36)	(96, 36)	(96, 36)	
(0, 0)	(0, 0)	(0, 0)	(16, 17)	(16, 17)	(16, 17)	(28, 17)	(52, 28)	(52, 28)	(52, 28)	(64, 28)	(68, 36)	(68, 36)	(68, 36)	(84, 36)	(84, 36)	(84, 36)	(96, 36)	(96, 36)	(96, 36)	(96, 36)	
(0, 0)	(0, 0)	(0, 0)	(16, 17)	(16, 17)	(16, 17)	(28, 17)	(52, 28)	(52, 28)	(52, 28)	(64, 28)	(68, 36)	(68, 36)	(68, 36)	(84, 36)	(84, 36)	(84, 36)	(96, 36)	(96, 36)	(96, 36)	(96, 36)	
(0, 0)	(0, 0)	(0, 0)	(16, 17)	(16, 17)	(16, 17)	(28, 17)	(52, 28)	(52, 28)	(52, 28)	(64, 28)	(68, 36)	(68, 36)	(68, 36)	(84, 36)	(84, 36)	(84, 36)	(96, 36)	(96, 36)	(96, 36)	(96, 36)	
(0, 0)	(0, 0)	(0, 0)	(28, 35)	(28, 35)	(28, 35)	(44, 35)	(52, 28)	(52, 28)	(56, 35)	(64, 28)	(68, 36)	(68, 36)	(68, 36)	(84, 36)	(84, 36)	(84, 36)	(96, 36)	(96, 36)	(96, 36)	(96, 36)	
(0, 0)	(0, 0)	(0, 0)	(28, 35)	(28, 35)	(28, 35)	(44, 35)	(52, 28)	(52, 28)	(56, 35)	(64, 28)	(68, 36)	(68, 36)	(68, 36)	(84, 36)	(84, 36)	(84, 36)	(96, 36)	(96, 36)	(96, 36)	(96, 36)	
(0, 0)	(0, 0)	(0, 0)	(28, 35)	(28, 35)	(28, 35)	(44, 35)	(52, 28)	(52, 28)	(56, 35)	(64, 28)	(68, 36)	(68, 36)	(68, 36)	(84, 36)	(84, 36)	(84, 36)	(96, 36)	(96, 36)	(96, 36)	(96, 36)	
(0, 0)	(0, 0)	(0, 0)	(28, 35)	(28, 35)	(28, 35)	(44, 35)	(52, 28)	(52, 28)	(56, 35)	(64, 28)	(68, 36)	(68, 36)	(68, 36)	(84, 36)	(84, 36)	(84, 36)	(96, 36)	(96, 36)	(96, 36)	(96, 36)	
(0, 0)	(0, 0)	(0, 0)	(28, 35)	(28, 35)	(28, 35)	(44, 35)	(52, 28)	(52, 28)	(56, 35)	(64, 28)	(68, 36)	(68, 36)	(76, 47)	(100, 47)	(100, 47)	(100, 47)	(112, 47)	(112, 47)	(112, 47)	(112, 47)	
(0, 0)	(0, 0)	(0, 0)	(28, 35)	(28, 35)	(28, 35)	(44, 35)	(52, 28)	(52, 28)	(56, 35)	(64, 28)	(68, 36)	(68, 36)	(76, 47)	(100, 47)	(100, 47)	(100, 47)	(112, 47)	(112, 47)	(112, 47)	(112, 47)	
(0, 0)	(0, 0)	(0, 0)	(28, 35)	(28, 35)	(28, 35)	(44, 35)	(52, 28)	(52, 28)	(56, 35)	(64, 28)	(68, 36)	(68, 36)	(76, 47)	(100, 47)	(100, 47)	(100, 47)	(112, 47)	(112, 47)	(112, 47)	(112, 47)	
(0, 0)	(0, 0)	(0, 0)	(28, 35)	(28, 35)	(28, 35)	(44, 35)	(52, 28)	(52, 28)	(56, 35)	(64, 28)	(68, 36)	(68, 36)	(76, 47)	(100, 47)	(100, 47)	(100, 47)	(112, 47)	(112, 47)	(112, 47)	(112, 47)	
(0, 0)	(0, 0)	(0, 0)	(28, 35)	(28, 35)	(28, 35)	(44, 35)	(52, 28)	(52, 28)	(56, 35)	(64, 28)	(68, 36)	(68, 36)	(76, 47)	(100, 47)	(100, 47)	(100, 47)	(112, 47)	(112, 47)	(112, 47)	(112, 47)	
(0, 0)	(0, 0)	(0, 0)	(28, 35)	(28, 35)	(28, 35)	(44, 35)	(52, 28)	(52, 28)	(56, 35)	(64, 28)	(68, 36)	(68, 36)	(76, 47)	(100, 47)	(100, 47)	(100, 47)	(112, 47)	(112, 47)	(112, 47)	(112, 47)	
(0, 0)	(0, 0)	(0, 0)	(28, 35)	(28, 35)	(28, 35)	(44, 35)	(52, 28)	(52, 28)	(56, 35)	(64, 28)	(68, 36)	(68, 36)	(76, 47)	(100, 47)	(100, 47)	(100, 47)	(112, 47)	(112, 47)	(112, 47)	(112, 47)	
(0, 0)	(0, 0)	(0, 0)	(28, 35)	(28, 35)	(28, 35)	(44, 35)	(52, 28)	(52, 28)	(56, 35)	(64, 28)	(68, 36)	(68, 36)	(76, 47)	(100, 47)	(100, 47)	(100, 47)	(112, 47)	(112, 47)	(112, 47)	(112, 47)	
(0, 0)	(0, 0)	(0, 0)	(28, 35)	(28, 35)	(28, 35)	(44, 35)	(52, 28)	(52, 28)	(56, 35)	(64, 28)	(68, 36)	(68, 36)	(76, 47)	(100, 47)	(100, 47)	(100, 47)	(112, 47)	(112, 47)	(112, 47)	(112, 47)	
(0, 0)	(0, 0)	(0, 0)	(28, 35)	(28, 35)	(28, 35)	(44, 35)	(52, 28)	(52, 28)	(56, 35)	(64, 28)	(68, 36)	(68, 36)	(76, 47)	(100, 47)	(100, 47)	(100, 47)	(112, 47)	(112, 47)	(112, 47)	(112, 47)	
(0, 0)	(0, 0)	(0, 0)	(28, 35)	(28, 35)	(28, 35)	(44, 35)	(52, 28)	(52, 28)	(56, 35)	(64, 28)	(68, 36)	(68, 36)	(76, 47)	(100, 47)	(100, 47)	(100, 47)	(112, 47)	(112, 47)	(112, 47)	(112, 47)	
(0, 0)	(0, 0)	(0, 0)	(28, 35)	(28, 35)	(28, 35)	(44, 35)	(52, 28)	(52, 28)	(56, 35)	(64, 28)	(68, 36)	(68, 36)	(76, 47)	(100, 47)	(100, 47)	(100, 47)	(112, 47)	(112, 47)	(112, 47)	(112, 47)	
(0, 0)	(0, 0)	(0, 0)	(28, 35)	(28, 35)	(28, 35)	(44, 35)	(52, 28)	(52, 28)	(56, 35)	(64, 28)	(68, 36)	(68, 36)	(76, 47)	(100, 47)	(100, 47)	(100, 47)	(112, 47)	(112, 47)	(112, 47)	(112, 47)	
(0, 0)	(0, 0)	(0, 0)	(28, 35)	(28, 35)	(28, 35)	(44, 35)	(52, 28)	(52, 28)	(56, 35)	(64, 28)	(68, 36)	(68, 36)	(76, 47)	(100, 47)	(100, 47)	(100, 47)	(112, 47)	(112, 47)	(112, 47)	(112, 47)	
(0, 0)	(0, 0)	(0, 0)	(28, 35)	(28, 35)	(28, 35)	(44, 35)	(52, 28)	(52, 28)	(56, 35)	(64, 28)	(68, 36)	(68, 36)	(76, 47)	(100, 47)	(100, 47)	(100, 47)	(112, 47)	(112, 47)	(112, 47)	(112, 47)	
(0, 0)	(0, 0)	(0, 0)	(28, 35)	(28, 35)	(28, 35)	(56, 50)	(56, 50)	(56, 50)	(72, 50)	(80, 50)	(80, 50)	(84, 50)	(92, 50)	(100, 47)	(100, 47)	(100, 47)	(112, 47)	(112, 47)	(112, 47)	(124, 50)	
(0, 0)	(0, 0)	(0, 0)	(28, 35)	(28, 35)	(28, 35)	(56, 50)	(56, 50)	(56, 50)	(72, 50)	(80, 50)	(80, 50)	(84, 50)	(92, 50)	(100, 47)	(100, 47)	(100, 47)	(112, 47)	(112, 47)	(112, 47)	(124, 50)	
(0, 0)	(0, 0)	(0, 0)	(28, 35)	(28, 35)	(28, 35)	(56, 50)	(56, 50)	(56, 50)	(72, 50)	(80, 50)	(80, 50)	(84, 50)	(92, 50)	(100, 47)	(100, 47)	(100, 47)	(112, 47)	(112, 47)	(112, 47)	(124, 50)	
(0, 0)	(0, 0)	(0, 0)	(28, 35)	(28, 35)	(28, 35)	(56, 50)	(56, 50)	(56, 50)	(72, 50)	(80, 50)	(80, 50)	(84, 50)	(92, 50)	(100, 47)	(100, 47)	(100, 47)	(112, 47)	(112, 47)	(112, 47)	(124, 50)	
(0, 0)	(0, 0)	(0, 0)	(28, 35)	(28, 35)	(28, 35)	(56, 50)	(56, 50)	(56, 50)	(72, 50)	(80, 50)	(80, 50)	(84, 50)	(92, 50)	(100, 47)	(100, 47)	(100, 47)	(112, 47)	(112, 47)	(112, 47)	(124, 50)	
(0, 0)	(0, 0)	(0, 0)	(28, 35)	(28, 35)	(28, 35)	(56, 50)	(56, 50)	(56, 50)	(72, 50)	(80, 50)	(80, 50)	(84, 50)	(92, 50)	(100, 47)	(100, 47)	(100, 47)	(112, 47)	(112, 47)	(112, 47)	(124, 50)	
(0, 0)	(0, 0)	(0, 0)	(28, 35)	(28, 35)	(28, 35)	(56, 50)	(56, 50)	(56, 50)	(72, 50)	(80, 50)	(80, 50)	(84, 50)	(92, 50)	(100, 47)	(100, 47)	(100, 47)	(112, 47)	(112, 47)	(112, 47)	(124, 50)	
(0, 0)	(0, 0)	(0, 0)	(28, 35)	(28, 35)	(28, 35)	(56, 50)	(56, 50)	(56, 50)	(72, 50)	(80, 50)	(80, 50)	(84, 50)	(92, 50)	(100, 47)	(100, 47)	(100, 47)	(112, 47)	(112, 47)	(112, 47)	(124, 50)	
(0, 0)	(0, 0)	(0, 0)	(28, 35)	(28, 35)	(28, 35)	(56, 50)	(56, 50)	(56, 50)	(72, 50)	(80, 50)	(80, 50)	(84, 50)	(92, 50)	(100, 47)	(100, 47)	(104, 59)	(112, 47)	(112, 47)	(116, 59)	(124, 50)	
(0, 0)	(0, 0)	(0, 0)	(28, 35)	(28, 35)	(28, 35)	(56, 50)	(56, 50)	(56, 50)	(72, 50)	(80, 50)	(80, 50)	(84, 50)	(92, 50)	(100, 47)	(100, 47)	(104, 59)	(112, 47)	(112, 47)	(116, 59)	(124, 50)	
(0, 0)	(0, 0)	(0, 0)	(28, 35)	(28, 35)	(28, 35)	(56, 50)	(56, 50)	(56, 50)	(72, 50)	(80, 50)	(80, 50)	(84, 50)	(92, 50)	(100, 47)	(100, 47)	(104, 59)	(112, 47)	(112, 47)	(116, 59)	(124, 50)	
(0, 0)	(0, 0)	(0, 0)	(28, 35)	(28, 35)	(28, 35)	(56, 50)	(56, 50)	(56, 50)	(72, 50)	(80, 50)	(80, 50)	(84, 50)	(92, 50)	(100, 47)	(100, 47)	(104, 59)	(112, 47)	(112, 47)	(116, 59)	(124, 50)	
(0, 0)	(0, 0)	(0, 0)	(28, 35)	(28, 35)	(28, 35)	(56, 50)	(56, 50)	(56, 50)	(72, 50)	(80, 50)	(80, 50)	(84, 50)	(92, 50)	(100, 47)	(100, 47)	(104, 59)	(112, 47)	(112, 47)	(116, 59)	(124, 50)	
(0, 0)	(0, 0)	(0, 0)	(28, 35)	(28, 35)	(28, 35)	(56, 50)	(56, 50)	(56, 50)	(72, 50)	(80, 50)	(80, 50)	(84, 50)	(92, 50)	(100, 47)	(100, 47)	(104, 59)	(112, 47)	(112, 47)	(116, 59)	(124, 50)	
(0, 0)	(0, 0)	(0, 0)	(28, 35)	(28, 35)	(28, 35)	(56, 50)	(56, 50)	(56, 50)	(72, 50)	(80, 50)	(80, 50)	(84, 50)	(92, 50)	(100, 47)	(100, 47)	(104, 59)	(112, 47)	(112, 47)	(116, 59)	(124, 50)	
(0, 0)	(0, 0)	(0, 0)	(28, 35)	(28, 35)	(28, 35)	(56, 50)	(56, 50)	(56, 50)	(72, 50)	(80, 50)	(80, 50)	(84, 50)	(92, 50)	(100, 47)	(100, 47)	(104, 59)	(112, 47)	(112, 47)	(116, 59)	(124, 50)	
(0, 0)	(0, 0)	(0, 0)	(28, 35)	(28, 35)	(28, 35)	(56, 50)	(56, 50)	(56, 50)	(72, 50)	(80, 50)	(80, 50)	(84, 50)	(92, 50)	(100, 47)	(100, 47)	(104, 59)	(112, 47)	(112, 47)	(116, 59)	(124, 50)	
(0, 0)	(0, 0)	(0, 0)	(28, 35)	(28, 35)	(28, 35)	(56, 50)	(56, 50)	(56, 50)	(72, 50)	(80, 50)	(80, 50)	(84, 50)	(92, 50)	(100, 47)	(100, 47)	(104, 59)	(112, 47)	(112, 47)	(116, 59)	(124, 50)	
(0, 0)	(0, 0)	(0, 0)	(28, 35)	(28, 35)	(28, 35)	(56, 50)	(56, 50)	(56, 50)	(72, 50)	(80, 50)	(80, 50)	(84, 50)	(92, 50)	(100, 47)	(100, 47)	(104, 59)	(112, 47)	(112, 47)	(116, 59)	(124, 50)	
(0, 0)	(0, 0)	(0, 0)	(28, 35)	(28, 35)	(28, 35)	(56, 50)	(56, 50)	(56, 50)	(72, 50)	(80, 50)	(80, 50)	(84, 50)	(92, 50)	(100, 47)	(100, 47)	(104, 59)	(112, 47)	(112, 47)	(116, 59)	(124, 50)	
(0, 0)	(0, 0)	(0, 0)	(28, 35)	(28, 35)	(28, 35)	(56, 50)	(56, 50)	(56, 50)	(72, 50)	(80, 50)	(80, 50)	(84, 50)	(92, 50)	(100, 47)	(100, 47)	(104, 59)	(112, 47)	(112, 47)	(116, 59)	(124, 50)	
(0, 0)	(0, 0)	(0, 0)	(28, 35)	(28, 35)	(28, 35)	(56, 50)	(56, 50)	(56, 50)	(72, 50)	(80, 50)	(80, 50)	(84, 50)	(92, 50)	(100, 47)	(100, 47)	(104, 59)	(112, 47)	(112, 47)	(116, 59)	(124, 50)	
(0, 0)	(0, 0)	(0, 0)	(28, 35)	(28, 35)	(28, 35)	(56, 50)	(56, 50)	(56, 50)	(72, 50)	(80, 50)	(80, 50)	(84, 50)	(92, 50)	(100, 47)	(100, 47)	(104, 59)	(112, 47)	(112, 47)	(116, 59)	(124, 50)	
(0, 0)	(0, 0)	(0, 0)	(28, 35)	(28, 35)	(28, 35)	(56, 50)	(56, 50)	(56, 50)	(72, 50)	(80, 50)	(80, 50)	(84, 50)	(92, 50)	(100, 47)	(100, 47)	(104, 59)	(112, 47)	(112, 47)	(116, 59)	(124, 50)	
(0, 0)	(0, 0)	(0, 0)	(28, 35)	(28, 35)	(28, 35)	(56, 50)	(56, 50)	(56, 50)	(72, 50)	(80, 50)	(80, 50)	(84, 50)	(92, 50)	(100, 47)	(100, 47)	(104, 59)	(112, 47)	(112, 47)	(116, 59)	(124, 50)	
(0, 0)	(0, 0)	(0, 0)	(28, 35)	(28, 35)	(28, 35)	(56, 50)	(56, 50)	(56, 50)	(72, 50)	(80, 50)	(80, 50)	(84, 50)	(92, 50)	(100, 47)	(100, 47)	(104, 59)	(112, 47)	(112, 47)	(116, 59)	(124, 50)	
(0, 0)	(0, 0)	(0, 0)	(28, 35)	(28, 35)	(28, 35)	(56, 50)	(56, 50)	(56, 50)	(72, 50)	(80, 50)	(80, 50)	(84, 50)	(92, 50)	(100, 47)	(100, 47)	(104, 59)	(112, 47)	(112, 47)	(116, 59)	(124, 50)	
(0, 0)	(0, 0)	(0, 0)	(28, 35)	(28, 35)	(28, 35)	(56, 50)	(56, 50)	(56, 50)	(72, 50)	(80, 50)	(80, 50)	(84, 50)	(92, 50)	(100, 47)	(100, 47)	(104, 59)	(112, 47)	(112, 47)	(116, 59)	(124, 50)	
(0, 0)	(0, 0)	(0, 0)	(28, 35)	(28, 35)	(28, 35)	(56, 50)	(56, 50)	(56, 50)	(83, 79)	(83, 79)	(83, 79)	(99, 79)	(107, 79)	(107, 79)	(111, 79)	(119, 79)	(127, 79)	(127, 79)	(131, 79)	(139, 79)	
(0, 0)	(0, 0)	(0, 0)	(28, 35)	(28, 35)	(28, 35)	(56, 50)	(56, 50)	(56, 50)	(83, 79)	(83, 79)	(83, 79)	(99, 79)	(107, 79)	(107, 79)	(111, 79)	(119, 79)	(127, 79)	(127, 79)	(131, 79)	(139, 79)	
(0, 0)	(0, 0)	(0, 0)	(28, 35)	(28, 35)	(28, 35)	(56, 50)	(56, 50)	(56, 50)	(83, 79)	(83, 79)	(83, 79)	(99, 79)	(107, 79)	(107, 79)	(111, 79)	(119, 79)	(127, 79)	(127, 79)	(131, 79)	(139, 79)	
(0, 0)	(0, 0)	(0, 0)	(28, 35)	(28, 35)	(28, 35)	(56, 50)	(56, 50)	(56, 50)	(83, 79)	(83, 79)	(83, 79)	(99, 79)	(107, 79)	(107, 79)	(111, 79)	(119, 79)	(127, 79)	(127, 79)	(131, 79)	(139, 79)	
(0, 0)	(0, 0)	(0, 0)	(28, 35)	(28, 35)	(28, 35)	(56, 50)	(56, 50)	(56, 50)	(83, 79)	(83, 79)	(83, 79)	(99, 79)	(107, 79)	(107, 79)	(111, 79)	(119, 79)	(127, 79)	(127, 79)	(131, 79)	(139, 79)	
(0, 0)	(0, 0)	(0, 0)	(28, 35)	(28, 35)	(28, 35)	(56, 50)	(56, 50)	(56, 50)	(83, 79)	(83, 79)	(83, 79)	(99, 79)	(107, 79)	(107, 79)	(111, 79)	(119, 79)	(127, 79)	(127, 79)	(131, 79)	(139, 79)	
(0, 0)	(0, 0)	(0, 0)	(28, 35)	(28, 35)	(28, 35)	(56, 50)	(56, 50)	(56, 50)	(83, 79)	(83, 79)	(83, 79)	(99, 79)	(107, 79)	(107, 79)	(111, 79)	(119, 79)	(127, 79)	(127, 79)	(131, 79)	(139, 79)	
(0, 0)	(0, 0)	(0, 0)	(28, 35)	(28, 35)	(28, 35)	(56, 50)	(56, 50)	(56, 50)	(83, 79)	(83, 79)	(83, 79)	(103, 85)	(107, 79)	(107, 79)	(119, 85)	(127, 85)	(127, 79)	(131, 85)	(139, 85)	(147, 85)	
(0, 0)	(0, 0)	(0, 0)	(28, 35)	(28, 35)	(28, 35)	(56, 50)	(56, 50)	(56, 50)	(83, 79)	(83, 79)	(83, 79)	(103, 85)	(107, 79)	(107, 79)	(119, 85)	(127, 85)	(127, 79)	(131, 85)	(139, 85)	(147, 85)	
(0, 0)	(0, 0)	(0, 0)	(28, 35)	(28, 35)	(28, 35)	(56, 50)	(56, 50)	(56, 50)	(83, 79)	(83, 79)	(83, 79)	(103, 85)	(107, 79)	(107, 79)	(119, 85)	(127, 85)	(127, 79)	(131, 85)	(139, 85)	(147, 85)	
(0, 0)	(0, 0)	(0, 0)	(28, 35)	(28, 35)	(28, 35)	(56, 50)	(56, 50)	(56, 50)	(83, 79)	(83, 79)	(83, 79)	(103, 85)	(107, 79)	(107, 79)	(119, 85)	(127, 85)	(127, 79)	(131, 85)	(139, 85)	(147, 85)	
(0, 0)	(0, 0)	(0, 0)	(28, 35)	(28, 35)	(28, 35)	(56, 50)	(56, 50)	(56, 50)	(83, 79)	(83, 79)	(83, 79)	(103, 85)	(107, 79)	(107, 79)	(119, 85)	(127, 85)	(127, 79)	(131, 85)	(139, 85)	(147, 85)	
(0, 0)	(0, 0)	(0, 0)	(28, 35)	(28, 35)	(28, 35)	(56, 50)	(56, 50)	(56, 50)	(83, 79)	(83, 79)	(83, 79)	(103, 85)	(107, 79)	(107, 79)	(119, 85)	(127, 85)	(127, 79)	(131, 85)	(139, 85)	(147, 85)	
(0, 0)	(0, 0)	(0, 0)	(28, 35)	(28, 35)	(28, 35)	(56, 50)	(56, 50)	(56, 50)	(83, 79)	(83, 79)	(83, 79)	(103, 85)	(107, 79)	(107, 79)	(119, 85)	(127, 85)	(127, 79)	(131, 85)	(139, 85)	(147, 85)	
(0, 0)	(0, 0)	(0, 0)	(28, 35)	(28, 35)	(28, 35)	(56, 50)	(56, 50)	(56, 50)	(83, 79)	(83, 79)	(83, 79)	(103, 85)	(107, 79)	(107, 79)	(119, 85)	(127, 85)	(127, 79)	(131, 85)	(139, 85)	(147, 85)	
(0, 0)	(0, 0)	(0, 0)	(28, 35)	(28, 35)	(28, 35)	(56, 50)	(56, 50)	(56, 50)	(83, 79)	(83, 79)	(83, 79)	(103, 85)	(107, 79)	(107, 79)	(119, 85)	(127, 85)	(127, 79)	(131, 85)	(139, 85)	(147, 85)	
(0, 0)	(0, 0)	(0, 0)	(28, 35)	(28, 35)	(28, 35)	(56, 50)	(56, 50)	(56, 50)	(83, 79)	(83, 79)	(83, 79)	(103, 85)	(107, 79)	(107, 79)	(119, 85)	(127, 85)	(127, 79)	(131, 85)	(139, 85)	(147, 85)	
(0, 0)	(0, 0)	(0, 0)	(28, 35)	(28, 35)	(28, 35)	(56, 50)	(56, 50)	(56, 50)	(83, 79)	(83, 79)	(83, 79)	(104, 99)	(107, 79)	(107, 79)	(124, 99)	(128, 99)	(128, 99)	(140, 99)	(148, 99)	(148, 99)	
(0, 0)	(0, 0)	(0, 0)	(28, 35)	(28, 35)	(28, 35)	(56, 50)	(56, 50)	(56, 50)	(83, 79)	(83, 79)	(83, 79)	(104, 99)	(107, 79)	(107, 79)	(124, 99)	(128, 99)	(128, 99)	(140, 99)	(148, 99)	(148, 99)	
(0, 0)	(0, 0)	(0, 0)	(28, 35)	(28, 35)	(28, 35)	(56, 50)	(56, 50)	(56, 50)	(83, 79)	(83, 79)	(83, 79)	(104, 99)	(107, 79)	(107, 79)	(124, 99)	(128, 99)	(128, 99)	(140, 99)	(148, 99)	(148, 99)	
(0, 0)	(0, 0)	(0, 0)	(28, 35)	(28, 35)	(28, 35)	(56, 50)	(56, 50)	(56, 50)	(83, 79)	(83, 79)	(83, 79)	(104, 99)	(107, 79)	(107, 79)	(124, 99)	(128, 99)	(128, 99)	(140, 99)	(148, 99)	(148, 99)	
(0, 0)	(0, 0)	(0, 0)	(28, 35)	(28, 35)	(28, 35)	(56, 50)	(56, 50)	(56, 50)	(83, 79)	(83, 79)	(83, 79)	(104, 99)	(107, 79)	(107, 79)	(124, 99)	(128, 99)	(128, 99)	(140, 99)	(148, 99)	(148, 99)	
(0, 0)	(0, 0)	(0, 0)	(28, 35)	(28, 35)	(28, 35)	(56, 50)	(56, 50)	(56, 50)	(83, 79)	(83, 79)	(83, 79)	(104, 99)	(107, 79)	(107, 79)	(124, 99)	(128, 99)	(128, 99)	(140, 99)	(148, 99)	(148, 99)	
(0, 0)	(0, 0)	(0, 0)	(28, 35)	(28, 35)	(28, 35)	(56, 50)	(56, 50)	(56, 50)	(83, 79)	(83, 79)	(83, 79)	(104, 99)	(107, 79)	(107, 79)	(124, 99)	(128, 99)	(128, 99)	(140, 99)	(148, 99)	(148, 99)	
(0, 0)	(0, 0)	(0, 0)	(28, 35)	(28, 35)	(28, 35)	(56, 50)	(56, 50)	(56, 50)	(83, 79)	(83, 79)	(83, 79)	(104, 99)	(107, 79)	(107, 79)	(124, 99)	(128, 99)	(128, 99)	(140, 99)	(148, 99)	(148, 99)	
(0, 0)	(0, 0)	(0, 0)	(28, 35)	(28, 35)	(28, 35)	(56, 50)	(56, 50)	(56, 50)	(83, 79)	(83, 79)	(83, 79)	(107, 111)	(107, 79)	(107, 79)	(128, 111)	(131, 111)	(131, 111)	(148, 111)	(152, 111)	(152, 111)	
(0, 0)	(0, 0)	(0, 0)	(28, 35)	(28, 35)	(28, 35)	(56, 50)	(56, 50)	(56, 50)	(83, 79)	(83, 79)	(83, 79)	(107, 111)	(107, 79)	(107, 79)	(128, 111)	(131, 111)	(131, 111)	(148, 111)	(152, 111)	(152, 111)	
