56 4 (4, 1, 15, 3)
45 14 (3, 1, 16, 19)
3 2 (3, 2, 3, 11)
2 6 (2, 2, 3, 15)
5 0 (5, 3, 4, 11)
2 9 (2, 5, 6, 11)
60 1 (6, 5, 15, 3)
6 5 (3, 7, 9, 7)
68 15 (4, 7, 24, 15)
20 11 (4, 9, 14, 19)
27 10 (3, 10, 19, 11)
30 3 (3, 11, 21, 19)
18 8 (3, 12, 18, 7)
45 7 (3, 13, 28, 15)
57 17 (3, 15, 34, 7)
4 19 (4, 17, 18, 3)
3 12 (3, 18, 19, 15)
6 20 (3, 18, 20, 3)
18 16 (3, 18, 24, 19)
8 23 (2, 19, 23, 7)
14 13 (2, 21, 28, 15)
15 18 (3, 22, 27, 3)
4 21 (2, 23, 25, 15)
52 41 (4, 25, 38, 15)
9 24 (3, 26, 29, 19)
39 22 (3, 26, 39, 7)
33 42 (3, 28, 39, 3)
15 33 (3, 29, 34, 7)
6 31 (3, 31, 33, 19)
24 37 (4, 31, 37, 19)
39 29 (3, 31, 44, 7)
3 25 (3, 33, 34, 19)
12 36 (3, 34, 38, 7)
28 26 (4, 34, 41, 19)
6 30 (3, 36, 38, 3)
12 40 (3, 36, 40, 19)
48 27 (3, 39, 55, 15)
15 34 (3, 40, 45, 11)
16 28 (2, 40, 48, 15)
8 39 (4, 41, 43, 15)
12 43 (4, 41, 44, 15)
32 35 (4, 41, 49, 11)
4 45 (4, 43, 44, 15)
2 48 (2, 48, 49, 7)
9 52 (3, 48, 51, 15)
15 46 (3, 48, 53, 3)
48 38 (3, 48, 64, 3)
34 32 (2, 48, 65, 11)
8 51 (4, 49, 51, 11)
9 47 (3, 49, 52, 3)
12 49 (3, 49, 53, 15)
9 54 (3, 52, 55, 3)
4 55 (2, 53, 55, 11)
3 64 (3, 54, 55, 7)
18 44 (3, 54, 60, 7)
20 57 (4, 55, 60, 11)
21 50 (3, 56, 63, 3)
4 60 (2, 58, 60, 15)
27 58 (3, 58, 67, 11)
12 56 (3, 60, 64, 11)
6 65 (2, 61, 64, 11)
36 61 (3, 61, 73, 7)
6 53 (3, 63, 65, 3)
21 66 (3, 64, 71, 3)
33 68 (3, 64, 75, 7)
3 59 (3, 65, 66, 3)
2 82 (2, 66, 67, 7)
18 76 (2, 66, 75, 19)
8 67 (4, 67, 69, 19)
12 62 (3, 68, 72, 19)
6 70 (2, 70, 73, 3)
6 69 (3, 71, 73, 3)
4 86 (4, 72, 73, 3)
9 71 (3, 73, 76, 15)
22 74 (2, 74, 85, 11)
26 72 (2, 74, 87, 3)
9 73 (3, 75, 78, 11)
33 79 (3, 75, 86, 15)
4 78 (4, 78, 79, 19)
33 75 (3, 79, 90, 19)
14 91 (2, 81, 88, 19)
36 63 (4, 81, 90, 11)
6 84 (3, 82, 84, 7)
9 83 (3, 83, 86, 3)
16 89 (4, 85, 89, 11)
33 77 (3, 85, 96, 3)
6 87 (3, 87, 89, 7)
15 81 (3, 87, 92, 19)
27 99 (3, 89, 98, 15)
18 85 (3, 91, 97, 19)
12 98 (4, 92, 95, 11)
12 88 (3, 94, 98, 7)
18 80 (3, 94, 100, 7)
30 92 (3, 94, 104, 15)
12 94 (4, 96, 99, 7)
8 96 (4, 98, 100, 19)
45 93 (3, 99, 114, 3)
21 90 (3, 100, 107, 19)
6 95 (3, 101, 103, 7)
54 97 (3, 113, 131, 7)

(0, 0)	(0, 0)	(0, 0)	(0, 0)	(0, 0)	(0, 0)	(0, 0)	(0, 0)	(0, 0)	(0, 0)	(0, 0)	(0, 0)	(0, 0)	(0, 0)	(0, 0)	(0, 0)	(0, 0)	(0, 0)	(0, 0)	(0, 0)	(0, 0)	
(0, 0)	(0, 0)	(0, 0)	(56, 15)	(56, 15)	(56, 15)	(56, 15)	(56, 15)	(56, 15)	(56, 15)	(56, 15)	(56, 15)	(56, 15)	(56, 15)	(56, 15)	(56, 15)	(56, 15)	(56, 15)	(56, 15)	(56, 15)	(56, 15)	
(0, 0)	(0, 0)	(0, 0)	(56, 15)	(56, 15)	(56, 15)	(56, 15)	(56, 15)	(56, 15)	(56, 15)	(56, 15)	(56, 15)	(56, 15)	(56, 15)	(56, 15)	(56, 15)	(56, 15)	(56, 15)	(56, 15)	(56, 15)	(56, 15)	
(0, 0)	(0, 0)	(0, 0)	(56, 15)	(56, 15)	(56, 15)	(56, 15)	(56, 15)	(56, 15)	(56, 15)	(56, 15)	(56, 15)	(56, 15)	(56, 15)	(56, 15)	(56, 15)	(56, 15)	(56, 15)	(56, 15)	(56, 15)	(56, 15)	
(0, 0)	(0, 0)	(0, 0)	(56, 15)	(56, 15)	(56, 15)	(56, 15)	(56, 15)	(56, 15)	(56, 15)	(56, 15)	(56, 15)	(56, 15)	(56, 15)	(56, 15)	(56, 15)	(56, 15)	(56, 15)	(56, 15)	(56, 15)	(56, 15)	
(0, 0)	(0, 0)	(0, 0)	(56, 15)	(56, 15)	(56, 15)	(56, 15)	(56, 15)	(56, 15)	(56, 15)	(56, 15)	(56, 15)	(56, 15)	(56, 15)	(56, 15)	(56, 15)	(56, 15)	(56, 15)	(56, 15)	(56, 15)	(56, 15)	
(0, 0)	(0, 0)	(0, 0)	(56, 15)	(56, 15)	(56, 15)	(56, 15)	(56, 15)	(56, 15)	(56, 15)	(56, 15)	(56, 15)	(56, 15)	(56, 15)	(56, 15)	(56, 15)	(56, 15)	(56, 15)	(56, 15)	(56, 15)	(56, 15)	
(0, 0)	(0, 0)	(0, 0)	(60, 15)	(60, 15)	(60, 15)	(60, 15)	(60, 15)	(60, 15)	(60, 15)	(60, 15)	(60, 15)	(60, 15)	(60, 15)	(60, 15)	(60, 15)	(60, 15)	(60, 15)	(60, 15)	(60, 15)	(60, 15)	
(0, 0)	(0, 0)	(0, 0)	(60, 15)	(60, 15)	(60, 15)	(60, 15)	(60, 15)	(60, 15)	(60, 15)	(60, 15)	(60, 15)	(60, 15)	(60, 15)	(60, 15)	(60, 15)	(60, 15)	(60, 15)	(60, 15)	(60, 15)	(60, 15)	
(0, 0)	(0, 0)	(0, 0)	(60, 15)	(60, 15)	(60, 15)	(60, 15)	(60, 15)	(60, 15)	(60, 15)	(60, 15)	(60, 15)	(60, 15)	(60, 15)	(60, 15)	(68, 24)	(68, 24)	(68, 24)	(68, 24)	(68, 24)	(68, 24)	
(0, 0)	(0, 0)	(0, 0)	(60, 15)	(60, 15)	(60, 15)	(60, 15)	(60, 15)	(60, 15)	(60, 15)	(60, 15)	(60, 15)	(60, 15)	(60, 15)	(60, 15)	(68, 24)	(68, 24)	(68, 24)	(68, 24)	(68, 24)	(68, 24)	
(0, 0)	(0, 0)	(0, 0)	(60, 15)	(60, 15)	(60, 15)	(60, 15)	(60, 15)	(60, 15)	(60, 15)	(60, 15)	(60, 15)	(60, 15)	(60, 15)	(60, 15)	(68, 24)	(68, 24)	(68, 24)	(68, 24)	(68, 24)	(68, 24)	
(0, 0)	(0, 0)	(0, 0)	(60, 15)	(60, 15)	(60, 15)	(60, 15)	(60, 15)	(60, 15)	(60, 15)	(60, 15)	(60, 15)	(60, 15)	(60, 15)	(60, 15)	(68, 24)	(68, 24)	(68, 24)	(68, 24)	(68, 24)	(68, 24)	
(0, 0)	(0, 0)	(0, 0)	(60, 15)	(60, 15)	(60, 15)	(60, 15)	(60, 15)	(60, 15)	(60, 15)	(60, 15)	(60, 15)	(60, 15)	(60, 15)	(60, 15)	(68, 24)	(68, 24)	(68, 24)	(68, 24)	(68, 24)	(68, 24)	
(0, 0)	(0, 0)	(0, 0)	(60, 15)	(60, 15)	(60, 15)	(60, 15)	(60, 15)	(60, 15)	(60, 15)	(60, 15)	(60, 15)	(60, 15)	(60, 15)	(60, 15)	(68, 24)	(68, 24)	(68, 24)	(68, 24)	(68, 24)	(68, 24)	
(0, 0)	(0, 0)	(0, 0)	(60, 15)	(60, 15)	(60, 15)	(60, 15)	(60, 15)	(60, 15)	(60, 15)	(60, 15)	(60, 15)	(60, 15)	(60, 15)	(60, 15)	(68, 24)	(68, 24)	(68, 24)	(68, 24)	(68, 24)	(68, 24)	
(0, 0)	(0, 0)	(0, 0)	(60, 15)	(60, 15)	(60, 15)	(64, 18)	(64, 18)	(64, 18)	(64, 18)	(64, 18)	(64, 18)	(64, 18)	(64, 18)	(64, 18)	(68, 24)	(68, 24)	(68, 24)	(68, 24)	(68, 24)	(68, 24)	
(0, 0)	(0, 0)	(0, 0)	(60, 15)	(60, 15)	(60, 15)	(64, 18)	(64, 18)	(64, 18)	(64, 18)	(64, 18)	(64, 18)	(64, 18)	(64, 18)	(64, 18)	(68, 24)	(68, 24)	(68, 24)	(68, 24)	(68, 24)	(68, 24)	
(0, 0)	(0, 0)	(0, 0)	(60, 15)	(60, 15)	(60, 15)	(66, 20)	(66, 20)	(66, 20)	(66, 20)	(66, 20)	(66, 20)	(66, 20)	(66, 20)	(66, 20)	(68, 24)	(68, 24)	(68, 24)	(68, 24)	(68, 24)	(68, 24)	
(0, 0)	(0, 0)	(0, 0)	(60, 15)	(60, 15)	(60, 15)	(66, 20)	(66, 20)	(66, 20)	(66, 20)	(66, 20)	(66, 20)	(66, 20)	(66, 20)	(66, 20)	(68, 24)	(68, 24)	(68, 24)	(68, 24)	(68, 24)	(68, 24)	
(0, 0)	(0, 0)	(0, 0)	(60, 15)	(60, 15)	(60, 15)	(66, 20)	(66, 20)	(66, 20)	(66, 20)	(68, 23)	(68, 23)	(68, 23)	(72, 23)	(72, 23)	(72, 23)	(72, 23)	(72, 23)	(72, 23)	(72, 23)	(72, 23)	
(0, 0)	(0, 0)	(0, 0)	(60, 15)	(60, 15)	(60, 15)	(66, 20)	(66, 20)	(66, 20)	(66, 20)	(68, 23)	(68, 23)	(68, 23)	(72, 23)	(72, 23)	(72, 23)	(72, 23)	(72, 23)	(74, 28)	(74, 28)	(74, 28)	
(0, 0)	(0, 0)	(0, 0)	(60, 15)	(60, 15)	(60, 15)	(75, 27)	(75, 27)	(75, 27)	(81, 27)	(81, 27)	(81, 27)	(81, 27)	(81, 27)	(81, 27)	(81, 27)	(81, 27)	(81, 27)	(75, 27)	(75, 27)	(75, 27)	
(0, 0)	(0, 0)	(0, 0)	(60, 15)	(60, 15)	(60, 15)	(75, 27)	(75, 27)	(75, 27)	(81, 27)	(81, 27)	(81, 27)	(81, 27)	(81, 27)	(81, 27)	(81, 27)	(81, 27)	(81, 27)	(75, 27)	(75, 27)	(75, 27)	
(0, 0)	(0, 0)	(0, 0)	(60, 15)	(60, 15)	(60, 15)	(75, 27)	(75, 27)	(75, 27)	(81, 27)	(81, 27)	(81, 27)	(81, 27)	(81, 27)	(81, 27)	(81, 27)	(81, 27)	(81, 27)	(112, 38)	(112, 38)	(112, 38)	
(0, 0)	(0, 0)	(0, 0)	(60, 15)	(60, 15)	(60, 15)	(75, 27)	(75, 27)	(75, 27)	(81, 27)	(81, 27)	(81, 27)	(81, 27)	(81, 27)	(81, 27)	(81, 27)	(81, 27)	(81, 27)	(112, 38)	(112, 38)	(112, 38)	
(0, 0)	(0, 0)	(0, 0)	(60, 15)	(60, 15)	(60, 15)	(75, 27)	(75, 27)	(75, 27)	(81, 27)	(99, 39)	(99, 39)	(99, 39)	(105, 39)	(105, 39)	(105, 39)	(105, 39)	(107, 39)	(112, 38)	(112, 38)	(112, 38)	
(0, 0)	(0, 0)	(0, 0)	(60, 15)	(60, 15)	(60, 15)	(93, 39)	(93, 39)	(93, 39)	(108, 39)	(108, 39)	(108, 39)	(114, 39)	(114, 39)	(114, 39)	(114, 39)	(114, 39)	(114, 39)	(114, 39)	(114, 39)	(114, 39)	
(0, 0)	(0, 0)	(0, 0)	(60, 15)	(60, 15)	(60, 15)	(93, 39)	(93, 39)	(93, 39)	(108, 39)	(108, 39)	(108, 39)	(114, 39)	(114, 39)	(114, 39)	(114, 39)	(114, 39)	(114, 39)	(114, 39)	(114, 39)	(114, 39)	
(0, 0)	(0, 0)	(0, 0)	(60, 15)	(60, 15)	(60, 15)	(93, 39)	(93, 39)	(93, 39)	(108, 39)	(108, 39)	(108, 39)	(114, 39)	(114, 39)	(114, 39)	(114, 39)	(114, 39)	(114, 39)	(114, 39)	(114, 39)	(114, 39)	
(0, 0)	(0, 0)	(0, 0)	(60, 15)	(60, 15)	(60, 15)	(93, 39)	(93, 39)	(93, 39)	(108, 39)	(108, 39)	(108, 39)	(114, 39)	(114, 39)	(114, 39)	(114, 39)	(114, 39)	(114, 39)	(114, 39)	(114, 39)	(114, 39)	
(0, 0)	(0, 0)	(0, 0)	(60, 15)	(60, 15)	(60, 15)	(93, 39)	(93, 39)	(93, 39)	(108, 39)	(108, 39)	(108, 39)	(114, 39)	(114, 39)	(114, 39)	(114, 39)	(120, 44)	(120, 44)	(120, 44)	(120, 44)	(120, 44)	
(0, 0)	(0, 0)	(0, 0)	(60, 15)	(60, 15)	(60, 15)	(93, 39)	(93, 39)	(93, 39)	(108, 39)	(108, 39)	(108, 39)	(114, 39)	(114, 39)	(114, 39)	(114, 39)	(120, 44)	(120, 44)	(120, 44)	(120, 44)	(120, 44)	
(0, 0)	(0, 0)	(0, 0)	(60, 15)	(60, 15)	(60, 15)	(93, 39)	(93, 39)	(93, 39)	(108, 39)	(108, 39)	(108, 39)	(114, 39)	(114, 39)	(114, 39)	(114, 39)	(120, 44)	(120, 44)	(120, 44)	(120, 44)	(120, 44)	
(0, 0)	(0, 0)	(0, 0)	(60, 15)	(60, 15)	(60, 15)	(93, 39)	(93, 39)	(93, 39)	(108, 39)	(108, 39)	(108, 39)	(114, 39)	(114, 39)	(114, 39)	(114, 39)	(120, 44)	(120, 44)	(120, 44)	(120, 44)	(120, 44)	
(0, 0)	(0, 0)	(0, 0)	(60, 15)	(60, 15)	(60, 15)	(93, 39)	(93, 39)	(93, 39)	(108, 39)	(108, 39)	(108, 39)	(114, 39)	(114, 39)	(114, 39)	(114, 39)	(120, 44)	(120, 44)	(120, 44)	(120, 44)	(120, 44)	
(0, 0)	(0, 0)	(0, 0)	(60, 15)	(60, 15)	(60, 15)	(93, 39)	(93, 39)	(93, 39)	(108, 39)	(108, 39)	(108, 39)	(114, 39)	(114, 39)	(114, 39)	(114, 39)	(120, 44)	(120, 44)	(120, 44)	(120, 44)	(120, 44)	
(0, 0)	(0, 0)	(0, 0)	(60, 15)	(60, 15)	(60, 15)	(93, 39)	(93, 39)	(93, 39)	(108, 39)	(108, 39)	(108, 39)	(114, 39)	(114, 39)	(114, 39)	(114, 39)	(120, 44)	(120, 44)	(120, 44)	(120, 44)	(120, 44)	
(0, 0)	(0, 0)	(0, 0)	(60, 15)	(60, 15)	(60, 15)	(93, 39)	(93, 39)	(93, 39)	(108, 39)	(108, 39)	(108, 39)	(114, 39)	(114, 39)	(114, 39)	(114, 39)	(120, 44)	(120, 44)	(120, 44)	(120, 44)	(123, 45)	
(0, 0)	(0, 0)	(0, 0)	(60, 15)	(60, 15)	(60, 15)	(93, 39)	(93, 39)	(93, 39)	(108, 39)	(108, 39)	(108, 39)	(114, 39)	(114, 39)	(114, 39)	(114, 39)	(120, 44)	(120, 44)	(120, 44)	(120, 44)	(123, 45)	
(0, 0)	(0, 0)	(0, 0)	(60, 15)	(60, 15)	(60, 15)	(93, 39)	(93, 39)	(93, 39)	(108, 39)	(108, 39)	(108, 39)	(114, 39)	(114, 39)	(114, 39)	(114, 39)	(120, 44)	(120, 44)	(120, 44)	(120, 44)	(123, 45)	
(0, 0)	(0, 0)	(0, 0)	(60, 15)	(60, 15)	(60, 15)	(93, 39)	(93, 39)	(93, 39)	(108, 39)	(108, 39)	(108, 39)	(114, 39)	(114, 39)	(114, 39)	(114, 39)	(120, 44)	(120, 44)	(120, 44)	(120, 44)	(123, 45)	
(0, 0)	(0, 0)	(0, 0)	(60, 15)	(60, 15)	(60, 15)	(93, 39)	(93, 39)	(93, 39)	(108, 39)	(108, 39)	(108, 39)	(114, 39)	(114, 39)	(114, 39)	(114, 39)	(120, 44)	(125, 49)	(125, 49)	(125, 49)	(140, 49)	
(0, 0)	(0, 0)	(0, 0)	(60, 15)	(60, 15)	(60, 15)	(93, 39)	(93, 39)	(93, 39)	(108, 39)	(108, 39)	(108, 39)	(114, 39)	(114, 39)	(114, 39)	(114, 39)	(120, 44)	(125, 49)	(125, 49)	(125, 49)	(140, 49)	
(0, 0)	(0, 0)	(0, 0)	(60, 15)	(60, 15)	(60, 15)	(93, 39)	(93, 39)	(93, 39)	(108, 39)	(108, 39)	(108, 39)	(114, 39)	(114, 39)	(114, 39)	(114, 39)	(120, 44)	(125, 49)	(125, 49)	(125, 49)	(140, 49)	
(0, 0)	(0, 0)	(0, 0)	(60, 15)	(60, 15)	(60, 15)	(93, 39)	(93, 39)	(93, 39)	(108, 39)	(108, 39)	(108, 39)	(114, 39)	(114, 39)	(114, 39)	(114, 39)	(120, 44)	(125, 49)	(125, 49)	(125, 49)	(140, 49)	
(0, 0)	(0, 0)	(0, 0)	(60, 15)	(60, 15)	(60, 15)	(93, 39)	(93, 39)	(93, 39)	(108, 39)	(108, 39)	(108, 39)	(123, 53)	(123, 53)	(123, 53)	(129, 53)	(129, 53)	(129, 53)	(129, 53)	(135, 53)	(140, 49)	
(0, 0)	(0, 0)	(0, 0)	(60, 15)	(60, 15)	(60, 15)	(108, 64)	(108, 64)	(108, 64)	(141, 64)	(141, 64)	(141, 64)	(156, 64)	(156, 64)	(156, 64)	(162, 64)	(162, 64)	(162, 64)	(162, 64)	(168, 64)	(168, 64)	
(0, 0)	(0, 0)	(0, 0)	(60, 15)	(60, 15)	(60, 15)	(108, 64)	(108, 64)	(108, 64)	(141, 64)	(141, 64)	(141, 64)	(156, 64)	(156, 64)	(156, 64)	(162, 64)	(162, 64)	(162, 64)	(162, 64)	(168, 64)	(168, 64)	
(0, 0)	(0, 0)	(0, 0)	(60, 15)	(60, 15)	(60, 15)	(108, 64)	(108, 64)	(108, 64)	(141, 64)	(141, 64)	(141, 64)	(156, 64)	(156, 64)	(156, 64)	(162, 64)	(162, 64)	(162, 64)	(162, 64)	(168, 64)	(168, 64)	
(0, 0)	(0, 0)	(0, 0)	(60, 15)	(60, 15)	(60, 15)	(108, 64)	(108, 64)	(108, 64)	(141, 64)	(141, 64)	(141, 64)	(156, 64)	(156, 64)	(156, 64)	(162, 64)	(162, 64)	(162, 64)	(162, 64)	(168, 64)	(168, 64)	
(0, 0)	(0, 0)	(0, 0)	(60, 15)	(60, 15)	(60, 15)	(108, 64)	(108, 64)	(108, 64)	(141, 64)	(141, 64)	(141, 64)	(156, 64)	(156, 64)	(156, 64)	(162, 64)	(162, 64)	(162, 64)	(162, 64)	(168, 64)	(168, 64)	
(0, 0)	(0, 0)	(0, 0)	(60, 15)	(60, 15)	(60, 15)	(108, 64)	(108, 64)	(108, 64)	(141, 64)	(141, 64)	(141, 64)	(156, 64)	(156, 64)	(156, 64)	(162, 64)	(162, 64)	(162, 64)	(162, 64)	(168, 64)	(168, 64)	
(0, 0)	(0, 0)	(0, 0)	(60, 15)	(60, 15)	(60, 15)	(108, 64)	(108, 64)	(108, 64)	(141, 64)	(141, 64)	(141, 64)	(156, 64)	(156, 64)	(156, 64)	(162, 64)	(162, 64)	(162, 64)	(162, 64)	(168, 64)	(168, 64)	
(0, 0)	(0, 0)	(0, 0)	(60, 15)	(60, 15)	(60, 15)	(108, 64)	(108, 64)	(108, 64)	(141, 64)	(141, 64)	(141, 64)	(156, 64)	(156, 64)	(156, 64)	(162, 64)	(162, 64)	(162, 64)	(162, 64)	(168, 64)	(168, 64)	
(0, 0)	(0, 0)	(0, 0)	(60, 15)	(60, 15)	(60, 15)	(108, 64)	(108, 64)	(108, 64)	(141, 64)	(141, 64)	(141, 64)	(156, 64)	(156, 64)	(156, 64)	(162, 64)	(162, 64)	(162, 64)	(162, 64)	(168, 64)	(168, 64)	
(0, 0)	(0, 0)	(0, 0)	(60, 15)	(60, 15)	(60, 15)	(108, 64)	(108, 64)	(108, 64)	(141, 64)	(141, 64)	(141, 64)	(156, 64)	(156, 64)	(156, 64)	(162, 64)	(162, 64)	(162, 64)	(162, 64)	(168, 64)	(168, 64)	
(0, 0)	(0, 0)	(0, 0)	(60, 15)	(60, 15)	(60, 15)	(108, 64)	(108, 64)	(108, 64)	(141, 64)	(141, 64)	(141, 64)	(156, 64)	(156, 64)	(156, 64)	(162, 64)	(162, 64)	(162, 64)	(162, 64)	(168, 64)	(168, 64)	
(0, 0)	(0, 0)	(0, 0)	(60, 15)	(60, 15)	(60, 15)	(108, 64)	(108, 64)	(108, 64)	(141, 64)	(141, 64)	(141, 64)	(156, 64)	(156, 64)	(156, 64)	(162, 64)	(162, 64)	(162, 64)	(162, 64)	(168, 64)	(168, 64)	
(0, 0)	(0, 0)	(0, 0)	(60, 15)	(60, 15)	(60, 15)	(108, 64)	(108, 64)	(108, 64)	(141, 64)	(141, 64)	(141, 64)	(156, 64)	(156, 64)	(156, 64)	(162, 64)	(162, 64)	(162, 64)	(162, 64)	(168, 64)	(168, 64)	
(0, 0)	(0, 0)	(0, 0)	(60, 15)	(60, 15)	(60, 15)	(108, 64)	(108, 64)	(108, 64)	(141, 64)	(141, 64)	(141, 64)	(156, 64)	(156, 64)	(156, 64)	(162, 64)	(162, 64)	(162, 64)	(162, 64)	(168, 64)	(168, 64)	
(0, 0)	(0, 0)	(0, 0)	(60, 15)	(60, 15)	(60, 15)	(108, 64)	(108, 64)	(108, 64)	(141, 64)	(141, 64)	(141, 64)	(156, 64)	(156, 64)	(156, 64)	(162, 64)	(162, 64)	(162, 64)	(162, 64)	(168, 64)	(168, 64)	
(0, 0)	(0, 0)	(0, 0)	(60, 15)	(60, 15)	(60, 15)	(108, 64)	(108, 64)	(108, 64)	(141, 64)	(141, 64)	(141, 64)	(156, 64)	(156, 64)	(156, 64)	(162, 64)	(162, 64)	(162, 64)	(162, 64)	(168, 64)	(168, 64)	
(0, 0)	(0, 0)	(0, 0)	(60, 15)	(60, 15)	(60, 15)	(108, 64)	(108, 64)	(108, 64)	(141, 64)	(141, 64)	(141, 64)	(156, 64)	(156, 64)	(156, 64)	(162, 64)	(162, 64)	(162, 64)	(162, 64)	(168, 64)	(168, 64)	
(0, 0)	(0, 0)	(0, 0)	(60, 15)	(60, 15)	(60, 15)	(108, 64)	(108, 64)	(108, 64)	(141, 64)	(141, 64)	(141, 64)	(156, 64)	(156, 64)	(156, 64)	(162, 64)	(162, 64)	(162, 64)	(162, 64)	(168, 64)	(168, 64)	
(0, 0)	(0, 0)	(0, 0)	(60, 15)	(60, 15)	(60, 15)	(108, 64)	(108, 64)	(108, 64)	(141, 64)	(141, 64)	(141, 64)	(156, 64)	(156, 64)	(156, 64)	(162, 64)	(162, 64)	(162, 64)	(162, 64)	(168, 64)	(168, 64)	
(0, 0)	(0, 0)	(0, 0)	(60, 15)	(60, 15)	(60, 15)	(108, 64)	(108, 64)	(108, 64)	(141, 64)	(141, 64)	(141, 64)	(156, 64)	(156, 64)	(156, 64)	(162, 64)	(162, 64)	(162, 64)	(165, 66)	(168, 64)	(168, 64)	
(0, 0)	(0, 0)	(0, 0)	(60, 15)	(60, 15)	(60, 15)	(108, 64)	(108, 64)	(108, 64)	(141, 64)	(141, 64)	(141, 64)	(156, 64)	(156, 64)	(156, 64)	(162, 64)	(162, 64)	(162, 64)	(165, 66)	(168, 64)	(168, 64)	
(0, 0)	(0, 0)	(0, 0)	(60, 15)	(60, 15)	(60, 15)	(108, 64)	(108, 64)	(108, 64)	(141, 64)	(141, 64)	(141, 64)	(156, 64)	(156, 64)	(156, 64)	(162, 64)	(162, 64)	(162, 64)	(165, 66)	(168, 64)	(168, 64)	
(0, 0)	(0, 0)	(0, 0)	(60, 15)	(60, 15)	(60, 15)	(108, 64)	(108, 64)	(108, 64)	(141, 64)	(141, 64)	(141, 64)	(156, 64)	(156, 64)	(156, 64)	(162, 64)	(162, 64)	(162, 64)	(165, 66)	(168, 64)	(168, 64)	
(0, 0)	(0, 0)	(0, 0)	(60, 15)	(60, 15)	(60, 15)	(108, 64)	(108, 64)	(108, 64)	(141, 64)	(141, 64)	(141, 64)	(156, 64)	(156, 64)	(156, 64)	(162, 64)	(162, 64)	(162, 64)	(165, 66)	(168, 64)	(168, 64)	
(0, 0)	(0, 0)	(0, 0)	(60, 15)	(60, 15)	(60, 15)	(108, 64)	(108, 64)	(108, 64)	(141, 64)	(141, 64)	(141, 64)	(156, 64)	(156, 64)	(156, 64)	(162, 64)	(162, 64)	(162, 64)	(168, 73)	(168, 64)	(168, 64)	
(0, 0)	(0, 0)	(0, 0)	(60, 15)	(60, 15)	(60, 15)	(108, 64)	(108, 64)	(108, 64)	(141, 64)	(141, 64)	(141, 64)	(156, 64)	(156, 64)	(156, 64)	(162, 64)	(162, 64)	(162, 64)	(168, 73)	(168, 64)	(168, 64)	
(0, 0)	(0, 0)	(0, 0)	(60, 15)	(60, 15)	(60, 15)	(108, 64)	(108, 64)	(108, 64)	(141, 64)	(141, 64)	(141, 64)	(156, 64)	(156, 64)	(156, 64)	(162, 64)	(162, 64)	(162, 64)	(168, 73)	(168, 64)	(168, 64)	
(0, 0)	(0, 0)	(0, 0)	(60, 15)	(60, 15)	(60, 15)	(108, 64)	(108, 64)	(108, 64)	(141, 64)	(141, 64)	(141, 64)	(156, 64)	(156, 64)	(156, 64)	(162, 64)	(162, 64)	(162, 64)	(168, 73)	(168, 64)	(168, 64)	
(0, 0)	(0, 0)	(0, 0)	(60, 15)	(60, 15)	(60, 15)	(108, 64)	(108, 64)	(108, 64)	(141, 64)	(141, 64)	(141, 64)	(156, 64)	(156, 64)	(156, 64)	(162, 64)	(162, 64)	(162, 64)	(168, 73)	(168, 64)	(168, 64)	
(0, 0)	(0, 0)	(0, 0)	(60, 15)	(60, 15)	(60, 15)	(108, 64)	(108, 64)	(108, 64)	(141, 64)	(141, 64)	(141, 64)	(167, 87)	(167, 87)	(167, 87)	(182, 87)	(182, 87)	(182, 87)	(188, 87)	(188, 87)	(188, 87)	
(0, 0)	(0, 0)	(0, 0)	(60, 15)	(60, 15)	(60, 15)	(108, 64)	(108, 64)	(108, 64)	(141, 64)	(141, 64)	(141, 64)	(167, 87)	(167, 87)	(167, 87)	(182, 87)	(182, 87)	(182, 87)	(188, 87)	(188, 87)	(188, 87)	
(0, 0)	(0, 0)	(0, 0)	(60, 15)	(60, 15)	(60, 15)	(108, 64)	(108, 64)	(108, 64)	(141, 64)	(141, 64)	(141, 64)	(167, 87)	(167, 87)	(167, 87)	(182, 87)	(182, 87)	(182, 87)	(188, 87)	(188, 87)	(188, 87)	
(0, 0)	(0, 0)	(0, 0)	(60, 15)	(60, 15)	(60, 15)	(108, 64)	(108, 64)	(108, 64)	(141, 64)	(141, 64)	(141, 64)	(167, 87)	(167, 87)	(167, 87)	(182, 87)	(182, 87)	(182, 87)	(188, 87)	(188, 87)	(188, 87)	
(0, 0)	(0, 0)	(0, 0)	(60, 15)	(60, 15)	(60, 15)	(108, 64)	(108, 64)	(108, 64)	(141, 64)	(141, 64)	(141, 64)	(167, 87)	(167, 87)	(167, 87)	(182, 87)	(182, 87)	(182, 87)	(188, 87)	(188, 87)	(188, 87)	
(0, 0)	(0, 0)	(0, 0)	(60, 15)	(60, 15)	(60, 15)	(108, 64)	(108, 64)	(108, 64)	(141, 64)	(141, 64)	(141, 64)	(167, 87)	(167, 87)	(167, 87)	(182, 87)	(182, 87)	(182, 87)	(188, 87)	(188, 87)	(188, 87)	
(0, 0)	(0, 0)	(0, 0)	(60, 15)	(60, 15)	(60, 15)	(108, 64)	(108, 64)	(108, 64)	(141, 64)	(141, 64)	(141, 64)	(167, 87)	(167, 87)	(167, 87)	(182, 87)	(182, 87)	(182, 87)	(188, 87)	(188, 87)	(188, 87)	
(0, 0)	(0, 0)	(0, 0)	(60, 15)	(60, 15)	(60, 15)	(108, 64)	(108, 64)	(108, 64)	(141, 64)	(141, 64)	(141, 64)	(167, 87)	(167, 87)	(167, 87)	(182, 87)	(182, 87)	(182, 87)	(188, 87)	(188, 87)	(188, 87)	
(0, 0)	(0, 0)	(0, 0)	(60, 15)	(60, 15)	(60, 15)	(108, 64)	(108, 64)	(108, 64)	(141, 64)	(141, 64)	(141, 64)	(167, 87)	(167, 87)	(167, 87)	(182, 87)	(182, 87)	(182, 87)	(188, 87)	(188, 87)	(188, 87)	
(0, 0)	(0, 0)	(0, 0)	(60, 15)	(60, 15)	(60, 15)	(108, 64)	(108, 64)	(108, 64)	(141, 64)	(141, 64)	(141, 64)	(167, 87)	(167, 87)	(167, 87)	(182, 87)	(182, 87)	(182, 87)	(188, 87)	(188, 87)	(188, 87)	
(0, 0)	(0, 0)	(0, 0)	(60, 15)	(60, 15)	(60, 15)	(108, 64)	(108, 64)	(108, 64)	(141, 64)	(141, 64)	(141, 64)	(174, 96)	(174, 96)	(174, 96)	(189, 96)	(189, 96)	(189, 96)	(195, 96)	(195, 96)	(195, 96)	
(0, 0)	(0, 0)	(0, 0)	(60, 15)	(60, 15)	(60, 15)	(108, 64)	(108, 64)	(108, 64)	(141, 64)	(141, 64)	(141, 64)	(174, 96)	(174, 96)	(174, 96)	(189, 96)	(189, 96)	(189, 96)	(195, 96)	(195, 96)	(195, 96)	
(0, 0)	(0, 0)	(0, 0)	(60, 15)	(60, 15)	(60, 15)	(108, 64)	(108, 64)	(108, 64)	(141, 64)	(141, 64)	(141, 64)	(174, 96)	(174, 96)	(174, 96)	(189, 96)	(189, 96)	(189, 96)	(195, 96)	(195, 96)	(195, 96)	
(0, 0)	(0, 0)	(0, 0)	(60, 15)	(60, 15)	(60, 15)	(108, 64)	(108, 64)	(108, 64)	(141, 64)	(141, 64)	(141, 64)	(174, 96)	(174, 96)	(174, 96)	(189, 96)	(189, 96)	(189, 96)	(195, 96)	(195, 96)	(195, 96)	
(0, 0)	(0, 0)	(0, 0)	(60, 15)	(60, 15)	(60, 15)	(108, 64)	(108, 64)	(108, 64)	(141, 64)	(141, 64)	(141, 64)	(174, 96)	(174, 96)	(174, 96)	(189, 96)	(189, 96)	(189, 96)	(195, 96)	(195, 96)	(195, 96)	
(0, 0)	(0, 0)	(0, 0)	(60, 15)	(60, 15)	(60, 15)	(108, 64)	(108, 64)	(108, 64)	(141, 64)	(141, 64)	(141, 64)	(174, 96)	(174, 96)	(174, 96)	(189, 96)	(189, 96)	(189, 96)	(195, 96)	(195, 96)	(195, 96)	
(0, 0)	(0, 0)	(0, 0)	(60, 15)	(60, 15)	(60, 15)	(108, 64)	(108, 64)	(108, 64)	(141, 64)	(141, 64)	(141, 64)	(174, 96)	(174, 96)	(174, 96)	(189, 96)	(189, 96)	(189, 96)	(195, 96)	(195, 96)	(195, 96)	
(0, 0)	(0, 0)	(0, 0)	(60, 15)	(60, 15)	(60, 15)	(108, 64)	(108, 64)	(108, 64)	(141, 64)	(141, 64)	(141, 64)	(174, 96)	(174, 96)	(174, 96)	(189, 96)	(189, 96)	(189, 96)	(195, 96)	(195, 96)	(195, 96)	
(0, 0)	(0, 0)	(0, 0)	(60, 15)	(60, 15)	(60, 15)	(108, 64)	(108, 64)	(108, 64)	(141, 64)	(141, 64)	(141, 64)	(174, 96)	(174, 96)	(174, 96)	(189, 96)	(189, 96)	(189, 96)	(195, 96)	(195, 96)	(195, 96)	
(0, 0)	(0, 0)	(0, 0)	(60, 15)	(60, 15)	(60, 15)	(108, 64)	(108, 64)	(108, 64)	(141, 64)	(141, 64)	(141, 64)	(174, 96)	(174, 96)	(174, 96)	(189, 96)	(189, 96)	(189, 96)	(195, 96)	(195, 96)	(195, 96)	
(0, 0)	(0, 0)	(0, 0)	(60, 15)	(60, 15)	(60, 15)	(108, 64)	(108, 64)	(108, 64)	(141, 64)	(141, 64)	(141, 64)	(174, 96)	(174, 96)	(174, 96)	(189, 96)	(189, 96)	(189, 96)	(195, 96)	(195, 96)	(195, 96)	
(0, 0)	(0, 0)	(0, 0)	(60, 15)	(60, 15)	(60, 15)	(108, 64)	(108, 64)	(108, 64)	(153, 114)	(153, 114)	(153, 114)	(186, 114)	(186, 114)	(186, 114)	(219, 114)	(219, 114)	(219, 114)	(234, 114)	(234, 114)	(234, 114)	
(0, 0)	(0, 0)	(0, 0)	(60, 15)	(60, 15)	(60, 15)	(108, 64)	(108, 64)	(108, 64)	(153, 114)	(153, 114)	(153, 114)	(186, 114)	(186, 114)	(186, 114)	(219, 114)	(219, 114)	(219, 114)	(234, 114)	(234, 114)	(234, 114)	
(0, 0)	(0, 0)	(0, 0)	(60, 15)	(60, 15)	(60, 15)	(108, 64)	(108, 64)	(108, 64)	(153, 114)	(153, 114)	(153, 114)	(186, 114)	(186, 114)	(186, 114)	(219, 114)	(219, 114)	(219, 114)	(234, 114)	(234, 114)	(234, 114)	
(0, 0)	(0, 0)	(0, 0)	(60, 15)	(60, 15)	(60, 15)	(108, 64)	(108, 64)	(108, 64)	(153, 114)	(153, 114)	(153, 114)	(186, 114)	(186, 114)	(186, 114)	(219, 114)	(219, 114)	(219, 114)	(234, 114)	(234, 114)	(234, 114)	
