3 0 (3, 1, 2, 7)
9 2 (3, 1, 4, 3)
12 1 (2, 1, 7, 19)
27 4 (3, 1, 10, 3)
2 3 (2, 5, 6, 11)

(0, 0)	(0, 0)	(0, 0)	(0, 0)	(0, 0)	(0, 0)	(0, 0)	(0, 0)	(0, 0)	(0, 0)	(0, 0)	(0, 0)	(0, 0)	(0, 0)	(0, 0)	(0, 0)	(0, 0)	(0, 0)	(0, 0)	(0, 0)	(0, 0)	(0, 0)	(0, 0)	(0, 0)	(0, 0)	(0, 0)	(0, 0)	(0, 0)	(0, 0)	(0, 0)	(0, 0)	(0, 0)	(0, 0)	(0, 0)	(0, 0)	(0, 0)	(0, 0)	(0, 0)	(0, 0)	(0, 0)	(0, 0)	
(0, 0)	(0, 0)	(0, 0)	(0, 0)	(0, 0)	(0, 0)	(0, 0)	(3, 2)	(3, 2)	(3, 2)	(3, 2)	(3, 2)	(3, 2)	(3, 2)	(3, 2)	(3, 2)	(3, 2)	(3, 2)	(3, 2)	(3, 2)	(3, 2)	(3, 2)	(3, 2)	(3, 2)	(3, 2)	(3, 2)	(3, 2)	(3, 2)	(3, 2)	(3, 2)	(3, 2)	(3, 2)	(3, 2)	(3, 2)	(3, 2)	(3, 2)	(3, 2)	(3, 2)	(3, 2)	(3, 2)	(3, 2)	
(0, 0)	(0, 0)	(0, 0)	(9, 4)	(9, 4)	(9, 4)	(9, 4)	(9, 4)	(9, 4)	(9, 4)	(9, 4)	(9, 4)	(9, 4)	(9, 4)	(9, 4)	(9, 4)	(9, 4)	(9, 4)	(9, 4)	(9, 4)	(9, 4)	(9, 4)	(9, 4)	(9, 4)	(9, 4)	(9, 4)	(9, 4)	(9, 4)	(9, 4)	(9, 4)	(9, 4)	(9, 4)	(9, 4)	(9, 4)	(9, 4)	(9, 4)	(9, 4)	(9, 4)	(9, 4)	(9, 4)	(9, 4)	
(0, 0)	(0, 0)	(0, 0)	(9, 4)	(9, 4)	(9, 4)	(9, 4)	(9, 4)	(9, 4)	(9, 4)	(9, 4)	(9, 4)	(9, 4)	(9, 4)	(9, 4)	(9, 4)	(9, 4)	(9, 4)	(9, 4)	(12, 7)	(12, 7)	(12, 7)	(12, 7)	(12, 7)	(12, 7)	(12, 7)	(12, 7)	(12, 7)	(12, 7)	(12, 7)	(12, 7)	(12, 7)	(12, 7)	(12, 7)	(12, 7)	(12, 7)	(12, 7)	(12, 7)	(12, 7)	(12, 7)	(12, 7)	
(0, 0)	(0, 0)	(0, 0)	(27, 10)	(27, 10)	(27, 10)	(27, 10)	(27, 10)	(27, 10)	(27, 10)	(27, 10)	(27, 10)	(27, 10)	(27, 10)	(27, 10)	(27, 10)	(27, 10)	(27, 10)	(27, 10)	(27, 10)	(27, 10)	(27, 10)	(27, 10)	(27, 10)	(27, 10)	(27, 10)	(27, 10)	(27, 10)	(27, 10)	(27, 10)	(27, 10)	(27, 10)	(27, 10)	(27, 10)	(27, 10)	(27, 10)	(27, 10)	(27, 10)	(27, 10)	(27, 10)	(27, 10)	
(0, 0)	(0, 0)	(0, 0)	(27, 10)	(27, 10)	(27, 10)	(27, 10)	(27, 10)	(27, 10)	(27, 10)	(27, 10)	(27, 10)	(27, 10)	(27, 10)	(27, 10)	(27, 10)	(27, 10)	(27, 10)	(27, 10)	(27, 10)	(27, 10)	(27, 10)	(27, 10)	(27, 10)	(27, 10)	(27, 10)	(27, 10)	(27, 10)	(27, 10)	(27, 10)	(27, 10)	(27, 10)	(27, 10)	(27, 10)	(27, 10)	(27, 10)	(27, 10)	(27, 10)	(27, 10)	(27, 10)	(27, 10)	
