14 1 (7, 1, 3, 19)
48 6 (3, 1, 17, 19)
7 0 (7, 3, 4, 7)
6 3 (3, 3, 5, 3)
6 5 (3, 5, 7, 19)
3 4 (3, 6, 7, 3)
4 7 (4, 7, 8, 7)
2 9 (2, 9, 10, 11)
12 8 (3, 10, 14, 11)
2 2 (2, 14, 15, 3)

(0, 0)	(0, 0)	(0, 0)	(0, 0)	(0, 0)	(0, 0)	(0, 0)	(0, 0)	(0, 0)	(0, 0)	(0, 0)	(0, 0)	(0, 0)	(0, 0)	(0, 0)	(0, 0)	(0, 0)	(0, 0)	(0, 0)	(0, 0)	(0, 0)	
(0, 0)	(0, 0)	(0, 0)	(0, 0)	(0, 0)	(0, 0)	(0, 0)	(0, 0)	(0, 0)	(0, 0)	(0, 0)	(0, 0)	(0, 0)	(0, 0)	(0, 0)	(0, 0)	(0, 0)	(0, 0)	(0, 0)	(14, 3)	(14, 3)	
(0, 0)	(0, 0)	(0, 0)	(0, 0)	(0, 0)	(0, 0)	(0, 0)	(0, 0)	(0, 0)	(0, 0)	(0, 0)	(0, 0)	(0, 0)	(0, 0)	(0, 0)	(0, 0)	(0, 0)	(0, 0)	(0, 0)	(48, 17)	(48, 17)	
(0, 0)	(0, 0)	(0, 0)	(0, 0)	(0, 0)	(0, 0)	(0, 0)	(7, 4)	(7, 4)	(7, 4)	(7, 4)	(7, 4)	(7, 4)	(7, 4)	(7, 4)	(7, 4)	(7, 4)	(7, 4)	(7, 4)	(48, 17)	(48, 17)	
(0, 0)	(0, 0)	(0, 0)	(6, 5)	(6, 5)	(6, 5)	(6, 5)	(7, 4)	(7, 4)	(7, 4)	(7, 4)	(7, 4)	(7, 4)	(7, 4)	(7, 4)	(7, 4)	(7, 4)	(7, 4)	(7, 4)	(48, 17)	(48, 17)	
(0, 0)	(0, 0)	(0, 0)	(6, 5)	(6, 5)	(6, 5)	(6, 5)	(7, 4)	(7, 4)	(7, 4)	(7, 4)	(7, 4)	(7, 4)	(7, 4)	(7, 4)	(7, 4)	(7, 4)	(7, 4)	(7, 4)	(48, 17)	(48, 17)	
(0, 0)	(0, 0)	(0, 0)	(6, 5)	(6, 5)	(6, 5)	(9, 7)	(9, 7)	(9, 7)	(9, 7)	(10, 7)	(10, 7)	(10, 7)	(10, 7)	(10, 7)	(10, 7)	(10, 7)	(10, 7)	(10, 7)	(48, 17)	(48, 17)	
(0, 0)	(0, 0)	(0, 0)	(6, 5)	(6, 5)	(6, 5)	(9, 7)	(9, 7)	(9, 7)	(9, 7)	(10, 7)	(10, 7)	(10, 7)	(10, 7)	(11, 8)	(11, 8)	(11, 8)	(11, 8)	(11, 8)	(48, 17)	(48, 17)	
(0, 0)	(0, 0)	(0, 0)	(6, 5)	(6, 5)	(6, 5)	(9, 7)	(9, 7)	(9, 7)	(9, 7)	(10, 7)	(10, 7)	(10, 7)	(10, 7)	(11, 8)	(11, 8)	(11, 8)	(11, 8)	(11, 8)	(48, 17)	(48, 17)	
(0, 0)	(0, 0)	(0, 0)	(6, 5)	(6, 5)	(6, 5)	(9, 7)	(9, 7)	(9, 7)	(9, 7)	(10, 7)	(12, 14)	(12, 14)	(12, 14)	(18, 14)	(18, 14)	(18, 14)	(21, 14)	(21, 14)	(48, 17)	(48, 17)	
(0, 0)	(0, 0)	(0, 0)	(6, 5)	(6, 5)	(6, 5)	(9, 7)	(9, 7)	(9, 7)	(11, 15)	(11, 15)	(12, 14)	(12, 14)	(12, 14)	(18, 14)	(18, 14)	(18, 14)	(21, 14)	(21, 14)	(48, 17)	(48, 17)	
