18 3 (3, 1, 7, 15)
18 5 (3, 1, 7, 3)
3 0 (3, 3, 4, 19)
4 6 (4, 8, 9, 7)
28 2 (4, 8, 15, 15)
18 1 (3, 11, 17, 7)
21 7 (3, 11, 18, 15)
20 4 (4, 12, 17, 7)
27 9 (3, 17, 26, 7)
44 8 (4, 20, 31, 19)

(0, 0)	(0, 0)	(0, 0)	(0, 0)	(0, 0)	(0, 0)	(0, 0)	(0, 0)	(0, 0)	(0, 0)	(0, 0)	(0, 0)	(0, 0)	(0, 0)	(0, 0)	(0, 0)	(0, 0)	(0, 0)	(0, 0)	(0, 0)	(0, 0)	
(0, 0)	(0, 0)	(0, 0)	(0, 0)	(0, 0)	(0, 0)	(0, 0)	(0, 0)	(0, 0)	(0, 0)	(0, 0)	(0, 0)	(0, 0)	(0, 0)	(0, 0)	(18, 7)	(18, 7)	(18, 7)	(18, 7)	(18, 7)	(18, 7)	
(0, 0)	(0, 0)	(0, 0)	(18, 7)	(18, 7)	(18, 7)	(18, 7)	(18, 7)	(18, 7)	(18, 7)	(18, 7)	(18, 7)	(18, 7)	(18, 7)	(18, 7)	(18, 7)	(18, 7)	(18, 7)	(18, 7)	(18, 7)	(18, 7)	
(0, 0)	(0, 0)	(0, 0)	(18, 7)	(18, 7)	(18, 7)	(18, 7)	(18, 7)	(18, 7)	(18, 7)	(18, 7)	(18, 7)	(18, 7)	(18, 7)	(18, 7)	(18, 7)	(18, 7)	(18, 7)	(18, 7)	(18, 7)	(18, 7)	
(0, 0)	(0, 0)	(0, 0)	(18, 7)	(18, 7)	(18, 7)	(18, 7)	(18, 7)	(18, 7)	(18, 7)	(22, 9)	(22, 9)	(22, 9)	(22, 9)	(22, 9)	(22, 9)	(22, 9)	(22, 9)	(22, 9)	(22, 9)	(22, 9)	
(0, 0)	(0, 0)	(0, 0)	(18, 7)	(18, 7)	(18, 7)	(18, 7)	(18, 7)	(18, 7)	(18, 7)	(22, 9)	(22, 9)	(22, 9)	(22, 9)	(22, 9)	(28, 15)	(28, 15)	(28, 15)	(46, 15)	(46, 15)	(46, 15)	
(0, 0)	(0, 0)	(0, 0)	(18, 7)	(18, 7)	(18, 7)	(18, 7)	(18, 7)	(18, 7)	(18, 7)	(36, 17)	(36, 17)	(36, 17)	(36, 17)	(36, 17)	(36, 17)	(36, 17)	(40, 17)	(46, 15)	(46, 15)	(46, 15)	
(0, 0)	(0, 0)	(0, 0)	(18, 7)	(18, 7)	(18, 7)	(18, 7)	(18, 7)	(18, 7)	(18, 7)	(36, 17)	(36, 17)	(36, 17)	(36, 17)	(36, 17)	(36, 17)	(36, 17)	(40, 17)	(46, 15)	(46, 15)	(46, 15)	
(0, 0)	(0, 0)	(0, 0)	(18, 7)	(18, 7)	(18, 7)	(18, 7)	(20, 17)	(20, 17)	(20, 17)	(38, 17)	(38, 17)	(38, 17)	(38, 17)	(38, 17)	(38, 17)	(38, 17)	(42, 17)	(46, 15)	(46, 15)	(46, 15)	
(0, 0)	(0, 0)	(0, 0)	(18, 7)	(18, 7)	(18, 7)	(18, 7)	(27, 26)	(27, 26)	(27, 26)	(45, 26)	(45, 26)	(45, 26)	(45, 26)	(45, 26)	(45, 26)	(45, 26)	(49, 26)	(49, 26)	(49, 26)	(49, 26)	
(0, 0)	(0, 0)	(0, 0)	(18, 7)	(18, 7)	(18, 7)	(18, 7)	(27, 26)	(27, 26)	(27, 26)	(45, 26)	(45, 26)	(45, 26)	(45, 26)	(45, 26)	(45, 26)	(45, 26)	(49, 26)	(49, 26)	(49, 26)	(49, 26)	
